1,9.99999429041054099798202514648438e-07
2,1.00000033853575587272644042968750e-06
3,1.00000033853575587272644042968750e-06
4,9.99999429041054099798202514648438e-07
5,9.99999429041054099798202514648438e-07
6,9.99999429041054099798202514648438e-07
7,1.00000033853575587272644042968750e-06
8,1.00000033853575587272644042968750e-06
9,9.99999429041054099798202514648438e-07
10,9.99999429041054099798202514648438e-07
11,1.00000033853575587272644042968750e-06
12,9.99999429041054099798202514648438e-07
13,9.99999429041054099798202514648438e-07
14,1.00000033853575587272644042968750e-06
15,9.99999429041054099798202514648438e-07
16,1.99999976757680997252464294433594e-06
17,1.99999976757680997252464294433594e-06
18,1.99999976757680997252464294433594e-06
19,1.99999976757680997252464294433594e-06
20,1.99999976757680997252464294433594e-06
21,9.99999429041054099798202514648438e-07
22,9.99999429041054099798202514648438e-07
23,2.00000067707151174545288085937500e-06
24,1.00000033853575587272644042968750e-06
25,9.99999429041054099798202514648438e-07
26,9.99999429041054099798202514648438e-07
27,2.00000067707151174545288085937500e-06
28,1.99999976757680997252464294433594e-06
29,1.99999976757680997252464294433594e-06
30,1.99999976757680997252464294433594e-06
31,1.99999976757680997252464294433594e-06
32,9.99999429041054099798202514648438e-07
33,1.99999976757680997252464294433594e-06
34,1.99999976757680997252464294433594e-06
35,1.99999976757680997252464294433594e-06
36,1.99999976757680997252464294433594e-06
37,3.00000010611256584525108337402344e-06
38,2.00000067707151174545288085937500e-06
39,1.99999976757680997252464294433594e-06
40,1.99999976757680997252464294433594e-06
41,1.99999976757680997252464294433594e-06
42,1.99999976757680997252464294433594e-06
43,3.00000010611256584525108337402344e-06
44,3.00000010611256584525108337402344e-06
45,2.00000067707151174545288085937500e-06
46,3.00000010611256584525108337402344e-06
47,2.99999919661786407232284545898438e-06
48,1.99999976757680997252464294433594e-06
49,3.00000010611256584525108337402344e-06
50,3.00000010611256584525108337402344e-06
51,1.99999976757680997252464294433594e-06
52,1.99999976757680997252464294433594e-06
53,2.00000067707151174545288085937500e-06
54,3.00000010611256584525108337402344e-06
55,3.00000010611256584525108337402344e-06
56,1.99999976757680997252464294433594e-06
57,1.99999976757680997252464294433594e-06
58,3.00000010611256584525108337402344e-06
59,3.00000010611256584525108337402344e-06
60,3.00000010611256584525108337402344e-06
61,3.00000010611256584525108337402344e-06
62,3.00000010611256584525108337402344e-06
63,3.00000010611256584525108337402344e-06
64,3.00000010611256584525108337402344e-06
65,3.00000010611256584525108337402344e-06
66,3.99999953515361994504928588867188e-06
67,3.99999953515361994504928588867188e-06
68,3.99999953515361994504928588867188e-06
69,3.99999953515361994504928588867188e-06
70,3.99999953515361994504928588867188e-06
71,3.00000010611256584525108337402344e-06
72,4.00000044464832171797752380371094e-06
73,3.00000010611256584525108337402344e-06
74,3.00000010611256584525108337402344e-06
75,4.00000044464832171797752380371094e-06
76,3.99999953515361994504928588867188e-06
77,4.00000044464832171797752380371094e-06
78,4.00000044464832171797752380371094e-06
79,3.99999953515361994504928588867188e-06
80,4.00000044464832171797752380371094e-06
81,3.99999953515361994504928588867188e-06
82,4.00000044464832171797752380371094e-06
83,3.99999953515361994504928588867188e-06
84,4.00000044464832171797752380371094e-06
85,4.00000044464832171797752380371094e-06
86,4.00000044464832171797752380371094e-06
87,4.00000044464832171797752380371094e-06
88,4.00000044464832171797752380371094e-06
89,4.00000044464832171797752380371094e-06
90,4.99999987368937581777572631835938e-06
91,4.99999987368937581777572631835938e-06
92,4.99999987368937581777572631835938e-06
93,4.00000044464832171797752380371094e-06
94,4.00000044464832171797752380371094e-06
95,3.99999953515361994504928588867188e-06
96,4.99999987368937581777572631835938e-06
97,3.99999953515361994504928588867188e-06
98,4.99999987368937581777572631835938e-06
99,4.99999987368937581777572631835938e-06
100,3.99999953515361994504928588867188e-06
101,4.99999987368937581777572631835938e-06
102,4.99999987368937581777572631835938e-06
103,4.99999987368937581777572631835938e-06
104,4.00000044464832171797752380371094e-06
105,5.00000078318407759070396423339844e-06
106,4.99999987368937581777572631835938e-06
107,6.00000021222513169050216674804688e-06
108,4.99999987368937581777572631835938e-06
109,4.99999987368937581777572631835938e-06
110,4.99999987368937581777572631835938e-06
111,4.99999987368937581777572631835938e-06
112,4.99999987368937581777572631835938e-06
113,4.99999987368937581777572631835938e-06
114,4.99999987368937581777572631835938e-06
115,4.99999987368937581777572631835938e-06
116,4.99999987368937581777572631835938e-06
117,6.00000021222513169050216674804688e-06
118,5.00000078318407759070396423339844e-06
119,6.00000021222513169050216674804688e-06
120,5.99999930273042991757392883300781e-06
121,4.99999987368937581777572631835938e-06
122,6.00000021222513169050216674804688e-06
123,6.00000021222513169050216674804688e-06
124,4.99999987368937581777572631835938e-06
125,5.99999930273042991757392883300781e-06
126,6.00000021222513169050216674804688e-06
127,6.00000021222513169050216674804688e-06
128,6.00000021222513169050216674804688e-06
129,6.00000021222513169050216674804688e-06
130,6.00000021222513169050216674804688e-06
131,6.00000021222513169050216674804688e-06
132,6.99999964126618579030036926269531e-06
133,7.00000055076088756322860717773438e-06
134,6.00000021222513169050216674804688e-06
135,6.00000021222513169050216674804688e-06
136,6.00000021222513169050216674804688e-06
137,5.99999930273042991757392883300781e-06
138,6.99999964126618579030036926269531e-06
139,6.00000021222513169050216674804688e-06
140,6.00000021222513169050216674804688e-06
141,5.99999930273042991757392883300781e-06
142,7.00000055076088756322860717773438e-06
143,6.00000021222513169050216674804688e-06
144,6.99999964126618579030036926269531e-06
145,6.00000021222513169050216674804688e-06
146,6.99999964126618579030036926269531e-06
147,7.00000055076088756322860717773438e-06
148,6.99999964126618579030036926269531e-06
149,7.00000055076088756322860717773438e-06
150,6.99999964126618579030036926269531e-06
151,6.99999964126618579030036926269531e-06
152,6.99999964126618579030036926269531e-06
153,6.00000021222513169050216674804688e-06
154,7.00000055076088756322860717773438e-06
155,7.99999997980194166302680969238281e-06
156,7.99999997980194166302680969238281e-06
157,7.99999997980194166302680969238281e-06
158,7.99999997980194166302680969238281e-06
159,6.99999964126618579030036926269531e-06
160,7.00000055076088756322860717773438e-06
161,7.00000055076088756322860717773438e-06
162,7.00000055076088756322860717773438e-06
163,7.99999997980194166302680969238281e-06
164,7.99999997980194166302680969238281e-06
165,7.99999997980194166302680969238281e-06
166,7.99999997980194166302680969238281e-06
167,6.99999964126618579030036926269531e-06
168,7.99999997980194166302680969238281e-06
169,7.99999997980194166302680969238281e-06
170,7.99999997980194166302680969238281e-06
171,7.99999997980194166302680969238281e-06
172,7.99999997980194166302680969238281e-06
173,7.99999997980194166302680969238281e-06
174,9.00000031833769753575325012207031e-06
175,7.99999997980194166302680969238281e-06
176,7.99999997980194166302680969238281e-06
177,7.99999997980194166302680969238281e-06
178,7.99999997980194166302680969238281e-06
179,7.99999997980194166302680969238281e-06
180,7.99999997980194166302680969238281e-06
181,7.99999997980194166302680969238281e-06
182,7.00000055076088756322860717773438e-06
183,9.00000031833769753575325012207031e-06
184,7.99999997980194166302680969238281e-06
185,8.99999940884299576282501220703125e-06
186,9.00000031833769753575325012207031e-06
187,8.99999940884299576282501220703125e-06
188,7.99999997980194166302680969238281e-06
189,7.99999997980194166302680969238281e-06
190,9.00000031833769753575325012207031e-06
191,9.00000031833769753575325012207031e-06
192,9.00000031833769753575325012207031e-06
193,1.50000005305628292262554168701172e-05
194,9.00000031833769753575325012207031e-06
195,9.00000031833769753575325012207031e-06
196,8.99999940884299576282501220703125e-06
197,8.99999940884299576282501220703125e-06
198,9.00000031833769753575325012207031e-06
199,9.00000031833769753575325012207031e-06
200,9.00000031833769753575325012207031e-06
201,8.99999940884299576282501220703125e-06
202,1.00000006568734534084796905517578e-05
203,9.99999974737875163555145263671875e-06
204,8.99999940884299576282501220703125e-06
205,9.00000031833769753575325012207031e-06
206,8.99999940884299576282501220703125e-06
207,9.00000031833769753575325012207031e-06
208,9.99999974737875163555145263671875e-06
209,1.00000006568734534084796905517578e-05
210,9.99999974737875163555145263671875e-06
211,9.00000031833769753575325012207031e-06
212,8.99999940884299576282501220703125e-06
213,9.99999974737875163555145263671875e-06
214,9.00000031833769753575325012207031e-06
215,9.00000031833769753575325012207031e-06
216,9.99999974737875163555145263671875e-06
217,8.99999940884299576282501220703125e-06
218,1.00000006568734534084796905517578e-05
219,1.00000006568734534084796905517578e-05
220,8.99999940884299576282501220703125e-06
221,1.10000000859145075082778930664062e-05
222,9.99999974737875163555145263671875e-06
223,9.99999974737875163555145263671875e-06
224,1.00000006568734534084796905517578e-05
225,9.99999974737875163555145263671875e-06
226,1.00000006568734534084796905517578e-05
227,1.10000000859145075082778930664062e-05
228,1.09999991764198057353496551513672e-05
229,9.99999974737875163555145263671875e-06
230,8.99999940884299576282501220703125e-06
231,9.99999974737875163555145263671875e-06
232,9.99999974737875163555145263671875e-06
233,9.99999974737875163555145263671875e-06
234,1.00000006568734534084796905517578e-05
235,1.10000000859145075082778930664062e-05
236,1.20000004244502633810043334960938e-05
237,9.99999974737875163555145263671875e-06
238,1.10000000859145075082778930664062e-05
239,1.00000006568734534084796905517578e-05
240,1.10000000859145075082778930664062e-05
241,1.10000000859145075082778930664062e-05
242,1.09999991764198057353496551513672e-05
243,1.10000000859145075082778930664062e-05
244,1.10000000859145075082778930664062e-05
245,1.10000000859145075082778930664062e-05
246,1.10000000859145075082778930664062e-05
247,1.10000000859145075082778930664062e-05
248,1.10000000859145075082778930664062e-05
249,1.10000000859145075082778930664062e-05
250,1.10000000859145075082778930664062e-05
251,1.19999995149555616080760955810547e-05
252,1.19999995149555616080760955810547e-05
253,1.19999995149555616080760955810547e-05
254,1.19999995149555616080760955810547e-05
255,1.10000000859145075082778930664062e-05
256,1.20000004244502633810043334960938e-05
257,1.10000000859145075082778930664062e-05
258,1.19999995149555616080760955810547e-05
259,1.09999991764198057353496551513672e-05
260,1.19999995149555616080760955810547e-05
261,1.29999998534913174808025360107422e-05
262,1.20000004244502633810043334960938e-05
263,1.29999998534913174808025360107422e-05
264,1.19999995149555616080760955810547e-05
265,1.20000004244502633810043334960938e-05
266,1.20000004244502633810043334960938e-05
267,1.29999998534913174808025360107422e-05
268,1.20000004244502633810043334960938e-05
269,1.30000007629860192537307739257812e-05
270,1.29999998534913174808025360107422e-05
271,1.29999998534913174808025360107422e-05
272,1.29999998534913174808025360107422e-05
273,1.29999998534913174808025360107422e-05
274,1.40000001920270733535289764404297e-05
275,1.40000001920270733535289764404297e-05
276,1.49999996210681274533271789550781e-05
277,1.40000001920270733535289764404297e-05
278,1.49999996210681274533271789550781e-05
279,1.79999997271806932985782623291016e-05
280,1.49999996210681274533271789550781e-05
281,1.40000001920270733535289764404297e-05
282,1.40000001920270733535289764404297e-05
283,1.40000001920270733535289764404297e-05
284,1.40000001920270733535289764404297e-05
285,1.49999996210681274533271789550781e-05
286,1.49999996210681274533271789550781e-05
287,1.50000005305628292262554168701172e-05
288,1.49999996210681274533271789550781e-05
289,1.50000005305628292262554168701172e-05
290,1.59999999596038833260536193847656e-05
291,1.59999999596038833260536193847656e-05
292,1.49999996210681274533271789550781e-05
293,1.40000001920270733535289764404297e-05
294,1.50000005305628292262554168701172e-05
295,1.49999996210681274533271789550781e-05
296,1.49999996210681274533271789550781e-05
297,1.49999996210681274533271789550781e-05
298,1.59999999596038833260536193847656e-05
299,1.49999996210681274533271789550781e-05
300,1.49999996210681274533271789550781e-05
301,1.59999999596038833260536193847656e-05
302,1.59999999596038833260536193847656e-05
303,1.60000008690985850989818572998047e-05
304,1.59999999596038833260536193847656e-05
305,1.59999999596038833260536193847656e-05
306,1.59999999596038833260536193847656e-05
307,1.50000005305628292262554168701172e-05
308,1.59999999596038833260536193847656e-05
309,1.59999999596038833260536193847656e-05
310,1.59999999596038833260536193847656e-05
311,1.70000002981396391987800598144531e-05
312,1.90000000657164491713047027587891e-05
313,1.59999999596038833260536193847656e-05
314,1.70000002981396391987800598144531e-05
315,1.59999999596038833260536193847656e-05
316,1.70000002981396391987800598144531e-05
317,1.69999993886449374258518218994141e-05
318,1.69999993886449374258518218994141e-05
319,1.69999993886449374258518218994141e-05
320,1.70000002981396391987800598144531e-05
321,1.59999999596038833260536193847656e-05
322,1.70000002981396391987800598144531e-05
323,1.59999999596038833260536193847656e-05
324,1.79999997271806932985782623291016e-05
325,1.79999997271806932985782623291016e-05
326,1.70000002981396391987800598144531e-05
327,1.79999997271806932985782623291016e-05
328,1.70000002981396391987800598144531e-05
329,1.79999997271806932985782623291016e-05
330,1.59999999596038833260536193847656e-05
331,1.79999997271806932985782623291016e-05
332,1.70000002981396391987800598144531e-05
333,1.70000002981396391987800598144531e-05
334,1.79999997271806932985782623291016e-05
335,1.80000006366753950715065002441406e-05
336,1.79999997271806932985782623291016e-05
337,1.79999997271806932985782623291016e-05
338,1.80000006366753950715065002441406e-05
339,1.79999997271806932985782623291016e-05
340,1.79999997271806932985782623291016e-05
341,1.79999997271806932985782623291016e-05
342,1.90000000657164491713047027587891e-05
343,1.90000000657164491713047027587891e-05
344,1.79999997271806932985782623291016e-05
345,1.79999997271806932985782623291016e-05
346,1.90000000657164491713047027587891e-05
347,1.79999997271806932985782623291016e-05
348,1.90000000657164491713047027587891e-05
349,1.90000000657164491713047027587891e-05
350,1.89999991562217473983764648437500e-05
351,1.90000000657164491713047027587891e-05
352,1.80000006366753950715065002441406e-05
353,1.70000002981396391987800598144531e-05
354,1.70000002981396391987800598144531e-05
355,1.79999997271806932985782623291016e-05
356,1.69999993886449374258518218994141e-05
357,1.70000002981396391987800598144531e-05
358,1.70000002981396391987800598144531e-05
359,1.70000002981396391987800598144531e-05
360,1.70000002981396391987800598144531e-05
361,1.69999993886449374258518218994141e-05
362,1.59999999596038833260536193847656e-05
363,1.59999999596038833260536193847656e-05
364,1.70000002981396391987800598144531e-05
365,1.69999993886449374258518218994141e-05
366,1.70000002981396391987800598144531e-05
367,1.59999999596038833260536193847656e-05
368,1.70000002981396391987800598144531e-05
369,1.69999993886449374258518218994141e-05
370,1.59999999596038833260536193847656e-05
371,2.00000004042522050440311431884766e-05
372,1.70000002981396391987800598144531e-05
373,1.59999999596038833260536193847656e-05
374,1.79999997271806932985782623291016e-05
375,1.69999993886449374258518218994141e-05
376,1.69999993886449374258518218994141e-05
377,1.70000002981396391987800598144531e-05
378,1.70000002981396391987800598144531e-05
379,1.80000006366753950715065002441406e-05
380,1.80000006366753950715065002441406e-05
381,1.70000002981396391987800598144531e-05
382,1.70000002981396391987800598144531e-05
383,1.70000002981396391987800598144531e-05
384,1.79999997271806932985782623291016e-05
385,1.79999997271806932985782623291016e-05
386,1.79999997271806932985782623291016e-05
387,1.80000006366753950715065002441406e-05
388,1.70000002981396391987800598144531e-05
389,1.79999997271806932985782623291016e-05
390,1.79999997271806932985782623291016e-05
391,1.79999997271806932985782623291016e-05
392,1.79999997271806932985782623291016e-05
393,1.80000006366753950715065002441406e-05
394,1.70000002981396391987800598144531e-05
395,1.79999997271806932985782623291016e-05
396,1.79999997271806932985782623291016e-05
397,1.79999997271806932985782623291016e-05
398,1.80000006366753950715065002441406e-05
399,2.20000001718290150165557861328125e-05
400,1.79999997271806932985782623291016e-05
401,1.79999997271806932985782623291016e-05
402,1.79999997271806932985782623291016e-05
403,1.90000000657164491713047027587891e-05
404,1.69999993886449374258518218994141e-05
405,1.90000000657164491713047027587891e-05
406,1.90000000657164491713047027587891e-05
407,1.90000000657164491713047027587891e-05
408,1.79999997271806932985782623291016e-05
409,1.90000000657164491713047027587891e-05
410,1.90000000657164491713047027587891e-05
411,1.80000006366753950715065002441406e-05
412,1.99999994947575032711029052734375e-05
413,1.79999997271806932985782623291016e-05
414,1.90000000657164491713047027587891e-05
415,1.90000000657164491713047027587891e-05
416,1.90000000657164491713047027587891e-05
417,1.90000000657164491713047027587891e-05
418,1.90000000657164491713047027587891e-05
419,1.79999997271806932985782623291016e-05
420,1.89999991562217473983764648437500e-05
421,1.80000006366753950715065002441406e-05
422,1.90000000657164491713047027587891e-05
423,1.90000000657164491713047027587891e-05
424,1.90000000657164491713047027587891e-05
425,1.90000000657164491713047027587891e-05
426,1.99999994947575032711029052734375e-05
427,1.79999997271806932985782623291016e-05
428,1.90000000657164491713047027587891e-05
429,2.00000004042522050440311431884766e-05
430,2.00000004042522050440311431884766e-05
431,1.99999994947575032711029052734375e-05
432,2.10000007427879609167575836181641e-05
433,1.90000000657164491713047027587891e-05
434,1.99999994947575032711029052734375e-05
435,1.90000000657164491713047027587891e-05
436,2.09999998332932591438293457031250e-05
437,2.00000004042522050440311431884766e-05
438,2.00000004042522050440311431884766e-05
439,2.00000004042522050440311431884766e-05
440,1.99999994947575032711029052734375e-05
441,1.99999994947575032711029052734375e-05
442,1.99999994947575032711029052734375e-05
443,1.99999994947575032711029052734375e-05
444,1.90000000657164491713047027587891e-05
445,1.90000000657164491713047027587891e-05
446,2.00000004042522050440311431884766e-05
447,2.00000004042522050440311431884766e-05
448,2.00000004042522050440311431884766e-05
449,2.00000004042522050440311431884766e-05
450,2.09999998332932591438293457031250e-05
451,2.09999998332932591438293457031250e-05
452,2.10000007427879609167575836181641e-05
453,2.09999998332932591438293457031250e-05
454,1.99999994947575032711029052734375e-05
455,2.09999998332932591438293457031250e-05
456,1.99999994947575032711029052734375e-05
457,2.10000007427879609167575836181641e-05
458,2.09999998332932591438293457031250e-05
459,2.19999992623343132436275482177734e-05
460,2.20000001718290150165557861328125e-05
461,1.99999994947575032711029052734375e-05
462,2.19999992623343132436275482177734e-05
463,1.99999994947575032711029052734375e-05
464,2.20000001718290150165557861328125e-05
465,2.10000007427879609167575836181641e-05
466,2.20000001718290150165557861328125e-05
467,2.09999998332932591438293457031250e-05
468,2.20000001718290150165557861328125e-05
469,2.20000001718290150165557861328125e-05
470,2.09999998332932591438293457031250e-05
471,2.10000007427879609167575836181641e-05
472,2.10000007427879609167575836181641e-05
473,2.20000001718290150165557861328125e-05
474,2.39999999394058249890804290771484e-05
475,2.19999992623343132436275482177734e-05
476,2.30000005103647708892822265625000e-05
477,2.30000005103647708892822265625000e-05
478,2.30000005103647708892822265625000e-05
479,2.39999999394058249890804290771484e-05
480,2.39999999394058249890804290771484e-05
481,2.30000005103647708892822265625000e-05
482,2.49999993684468790888786315917969e-05
483,2.50000002779415808618068695068359e-05
484,2.70000000455183908343315124511719e-05
485,2.60000006164773367345333099365234e-05
486,2.59999997069826349616050720214844e-05
487,2.70000000455183908343315124511719e-05
488,2.60000006164773367345333099365234e-05
489,2.50000002779415808618068695068359e-05
490,2.60000006164773367345333099365234e-05
491,2.59999997069826349616050720214844e-05
492,2.50000002779415808618068695068359e-05
493,2.59999997069826349616050720214844e-05
494,2.59999997069826349616050720214844e-05
495,2.50000002779415808618068695068359e-05
496,2.59999997069826349616050720214844e-05
497,2.59999997069826349616050720214844e-05
498,2.59999997069826349616050720214844e-05
499,2.70000000455183908343315124511719e-05
500,2.59999997069826349616050720214844e-05
501,2.70000000455183908343315124511719e-05
502,2.59999997069826349616050720214844e-05
503,2.60000006164773367345333099365234e-05
504,2.59999997069826349616050720214844e-05
505,2.70000000455183908343315124511719e-05
506,2.59999997069826349616050720214844e-05
507,2.60000006164773367345333099365234e-05
508,2.59999997069826349616050720214844e-05
509,2.70000000455183908343315124511719e-05
510,2.80000003840541467070579528808594e-05
511,2.70000000455183908343315124511719e-05
512,2.79999994745594449341297149658203e-05
513,2.79999994745594449341297149658203e-05
514,2.70000000455183908343315124511719e-05
515,2.70000000455183908343315124511719e-05
516,2.70000000455183908343315124511719e-05
517,2.70000000455183908343315124511719e-05
518,2.70000000455183908343315124511719e-05
519,2.80000003840541467070579528808594e-05
520,2.70000000455183908343315124511719e-05
521,2.80000003840541467070579528808594e-05
522,2.80000003840541467070579528808594e-05
523,2.79999994745594449341297149658203e-05
524,2.70000000455183908343315124511719e-05
525,2.80000003840541467070579528808594e-05
526,2.79999994745594449341297149658203e-05
527,2.80000003840541467070579528808594e-05
528,2.70000000455183908343315124511719e-05
529,2.69999991360236890614032745361328e-05
530,2.50000002779415808618068695068359e-05
531,2.59999997069826349616050720214844e-05
532,2.50000002779415808618068695068359e-05
533,2.70000000455183908343315124511719e-05
534,2.90000007225899025797843933105469e-05
535,2.50000002779415808618068695068359e-05
536,2.50000002779415808618068695068359e-05
537,2.59999997069826349616050720214844e-05
538,2.50000002779415808618068695068359e-05
539,2.50000002779415808618068695068359e-05
540,2.50000002779415808618068695068359e-05
541,2.60000006164773367345333099365234e-05
542,2.49999993684468790888786315917969e-05
543,2.50000002779415808618068695068359e-05
544,2.60000006164773367345333099365234e-05
545,2.49999993684468790888786315917969e-05
546,2.50000002779415808618068695068359e-05
547,2.59999997069826349616050720214844e-05
548,2.59999997069826349616050720214844e-05
549,2.50000002779415808618068695068359e-05
550,2.50000002779415808618068695068359e-05
551,2.59999997069826349616050720214844e-05
552,2.59999997069826349616050720214844e-05
553,2.59999997069826349616050720214844e-05
554,2.79999994745594449341297149658203e-05
555,2.60000006164773367345333099365234e-05
556,2.50000002779415808618068695068359e-05
557,2.60000006164773367345333099365234e-05
558,2.50000002779415808618068695068359e-05
559,2.60000006164773367345333099365234e-05
560,2.59999997069826349616050720214844e-05
561,2.59999997069826349616050720214844e-05
562,2.59999997069826349616050720214844e-05
563,2.59999997069826349616050720214844e-05
564,2.50000002779415808618068695068359e-05
565,2.60000006164773367345333099365234e-05
566,2.60000006164773367345333099365234e-05
567,2.50000002779415808618068695068359e-05
568,2.60000006164773367345333099365234e-05
569,2.60000006164773367345333099365234e-05
570,2.70000000455183908343315124511719e-05
571,2.59999997069826349616050720214844e-05
572,2.60000006164773367345333099365234e-05
573,2.60000006164773367345333099365234e-05
574,2.59999997069826349616050720214844e-05
575,2.59999997069826349616050720214844e-05
576,2.70000000455183908343315124511719e-05
577,2.59999997069826349616050720214844e-05
578,2.59999997069826349616050720214844e-05
579,2.70000000455183908343315124511719e-05
580,2.59999997069826349616050720214844e-05
581,2.70000000455183908343315124511719e-05
582,2.60000006164773367345333099365234e-05
583,2.70000000455183908343315124511719e-05
584,2.60000006164773367345333099365234e-05
585,2.70000000455183908343315124511719e-05
586,2.60000006164773367345333099365234e-05
587,2.59999997069826349616050720214844e-05
588,2.80000003840541467070579528808594e-05
589,2.70000000455183908343315124511719e-05
590,2.80000003840541467070579528808594e-05
591,2.70000000455183908343315124511719e-05
592,2.99999992421362549066543579101562e-05
593,2.70000000455183908343315124511719e-05
594,2.70000000455183908343315124511719e-05
595,2.79999994745594449341297149658203e-05
596,2.79999994745594449341297149658203e-05
597,2.70000000455183908343315124511719e-05
598,2.79999994745594449341297149658203e-05
599,2.79999994745594449341297149658203e-05
600,2.70000000455183908343315124511719e-05
601,2.70000000455183908343315124511719e-05
602,2.70000000455183908343315124511719e-05
603,2.70000000455183908343315124511719e-05
604,2.80000003840541467070579528808594e-05
605,2.89999998130952008068561553955078e-05
606,2.90000007225899025797843933105469e-05
607,2.89999998130952008068561553955078e-05
608,2.80000003840541467070579528808594e-05
609,2.70000000455183908343315124511719e-05
610,3.10000004901667125523090362548828e-05
611,2.79999994745594449341297149658203e-05
612,2.90000007225899025797843933105469e-05
613,2.79999994745594449341297149658203e-05
614,2.80000003840541467070579528808594e-05
615,2.89999998130952008068561553955078e-05
616,2.79999994745594449341297149658203e-05
617,2.80000003840541467070579528808594e-05
618,2.70000000455183908343315124511719e-05
619,2.90000007225899025797843933105469e-05
620,3.19999999192077666521072387695312e-05
621,3.00000001516309566795825958251953e-05
622,3.09999995806720107793807983398438e-05
623,3.19999999192077666521072387695312e-05
624,3.29999993482488207519054412841797e-05
625,3.39999996867845766246318817138672e-05
626,3.30000002577435225248336791992188e-05
627,3.60000003638560883700847625732422e-05
628,3.50000000253203324973583221435547e-05
629,3.39999996867845766246318817138672e-05
630,3.29999993482488207519054412841797e-05
631,3.30000002577435225248336791992188e-05
632,3.30000002577435225248336791992188e-05
633,3.39999996867845766246318817138672e-05
634,3.39999996867845766246318817138672e-05
635,3.30000002577435225248336791992188e-05
636,3.39999996867845766246318817138672e-05
637,3.29999993482488207519054412841797e-05
638,3.29999993482488207519054412841797e-05
639,3.39999996867845766246318817138672e-05
640,3.30000002577435225248336791992188e-05
641,3.29999993482488207519054412841797e-05
642,3.50000000253203324973583221435547e-05
643,3.59999994543613865971565246582031e-05
644,3.40000005962792783975601196289062e-05
645,3.39999996867845766246318817138672e-05
646,3.30000002577435225248336791992188e-05
647,3.59999994543613865971565246582031e-05
648,3.50000000253203324973583221435547e-05
649,3.59999994543613865971565246582031e-05
650,3.50000000253203324973583221435547e-05
651,3.50000000253203324973583221435547e-05
652,3.50000000253203324973583221435547e-05
653,3.50000000253203324973583221435547e-05
654,3.50000000253203324973583221435547e-05
655,3.29999993482488207519054412841797e-05
656,3.60000003638560883700847625732422e-05
657,3.50000000253203324973583221435547e-05
658,3.39999996867845766246318817138672e-05
659,3.60000003638560883700847625732422e-05
660,3.40000005962792783975601196289062e-05
661,3.50000000253203324973583221435547e-05
662,3.60000003638560883700847625732422e-05
663,3.29999993482488207519054412841797e-05
664,3.20000008287024684250354766845703e-05
665,3.19999999192077666521072387695312e-05
666,3.30000002577435225248336791992188e-05
667,3.09999995806720107793807983398438e-05
668,3.19999999192077666521072387695312e-05
669,3.09999995806720107793807983398438e-05
670,3.09999995806720107793807983398438e-05
671,3.09999995806720107793807983398438e-05
672,3.09999995806720107793807983398438e-05
673,3.19999999192077666521072387695312e-05
674,3.19999999192077666521072387695312e-05
675,3.09999995806720107793807983398438e-05
676,3.19999999192077666521072387695312e-05
677,3.20000008287024684250354766845703e-05
678,3.10000004901667125523090362548828e-05
679,3.09999995806720107793807983398438e-05
680,3.19999999192077666521072387695312e-05
681,3.09999995806720107793807983398438e-05
682,3.09999995806720107793807983398438e-05
683,3.20000008287024684250354766845703e-05
684,3.19999999192077666521072387695312e-05
685,3.19999999192077666521072387695312e-05
686,3.19999999192077666521072387695312e-05
687,3.10000004901667125523090362548828e-05
688,3.10000004901667125523090362548828e-05
689,3.19999999192077666521072387695312e-05
690,3.19999999192077666521072387695312e-05
691,3.40000005962792783975601196289062e-05
692,3.19999999192077666521072387695312e-05
693,3.19999999192077666521072387695312e-05
694,3.09999995806720107793807983398438e-05
695,3.20000008287024684250354766845703e-05
696,3.19999999192077666521072387695312e-05
697,3.30000002577435225248336791992188e-05
698,3.19999999192077666521072387695312e-05
699,3.19999999192077666521072387695312e-05
700,3.19999999192077666521072387695312e-05
701,3.19999999192077666521072387695312e-05
702,3.30000002577435225248336791992188e-05
703,3.30000002577435225248336791992188e-05
704,3.30000002577435225248336791992188e-05
705,3.30000002577435225248336791992188e-05
706,3.30000002577435225248336791992188e-05
707,3.30000002577435225248336791992188e-05
708,3.29999993482488207519054412841797e-05
709,3.30000002577435225248336791992188e-05
710,3.29999993482488207519054412841797e-05
711,3.29999993482488207519054412841797e-05
712,3.30000002577435225248336791992188e-05
713,3.29999993482488207519054412841797e-05
714,3.39999996867845766246318817138672e-05
715,3.29999993482488207519054412841797e-05
716,3.39999996867845766246318817138672e-05
717,3.19999999192077666521072387695312e-05
718,3.30000002577435225248336791992188e-05
719,3.29999993482488207519054412841797e-05
720,3.39999996867845766246318817138672e-05
721,3.19999999192077666521072387695312e-05
722,3.50000000253203324973583221435547e-05
723,3.50000000253203324973583221435547e-05
724,3.40000005962792783975601196289062e-05
725,3.29999993482488207519054412841797e-05
726,3.30000002577435225248336791992188e-05
727,3.40000005962792783975601196289062e-05
728,3.39999996867845766246318817138672e-05
729,3.39999996867845766246318817138672e-05
730,3.29999993482488207519054412841797e-05
731,3.50000000253203324973583221435547e-05
732,3.39999996867845766246318817138672e-05
733,3.30000002577435225248336791992188e-05
734,3.39999996867845766246318817138672e-05
735,3.40000005962792783975601196289062e-05
736,3.69999997928971424698829650878906e-05
737,3.99999998990097083151340484619141e-05
738,3.70000007023918442428112030029297e-05
739,3.80000001314328983426094055175781e-05
740,3.80000001314328983426094055175781e-05
741,3.90000004699686542153358459472656e-05
742,4.09999993280507624149322509765625e-05
743,3.99999998990097083151340484619141e-05
744,4.10000002375454641878604888916016e-05
745,3.89999995604739524424076080322266e-05
746,4.10000002375454641878604888916016e-05
747,4.09999993280507624149322509765625e-05
748,4.10000002375454641878604888916016e-05
749,3.99999998990097083151340484619141e-05
750,3.89999995604739524424076080322266e-05
751,3.99999998990097083151340484619141e-05
752,4.19999996665865182876586914062500e-05
753,4.09999993280507624149322509765625e-05
754,4.10000002375454641878604888916016e-05
755,4.10000002375454641878604888916016e-05
756,4.10000002375454641878604888916016e-05
757,4.10000002375454641878604888916016e-05
758,4.10000002375454641878604888916016e-05
759,4.00000008085044100880622863769531e-05
760,4.10000002375454641878604888916016e-05
761,4.19999996665865182876586914062500e-05
762,4.09999993280507624149322509765625e-05
763,3.99999998990097083151340484619141e-05
764,4.30000000051222741603851318359375e-05
765,3.99999998990097083151340484619141e-05
766,4.09999993280507624149322509765625e-05
767,4.00000008085044100880622863769531e-05
768,3.99999998990097083151340484619141e-05
769,4.10000002375454641878604888916016e-05
770,4.10000002375454641878604888916016e-05
771,4.10000002375454641878604888916016e-05
772,3.79999992219381965696811676025391e-05
773,3.69999997928971424698829650878906e-05
774,3.70000007023918442428112030029297e-05
775,3.60000003638560883700847625732422e-05
776,3.59999994543613865971565246582031e-05
777,3.69999997928971424698829650878906e-05
778,3.60000003638560883700847625732422e-05
779,3.69999997928971424698829650878906e-05
780,3.69999997928971424698829650878906e-05
781,3.70000007023918442428112030029297e-05
782,3.69999997928971424698829650878906e-05
783,3.60000003638560883700847625732422e-05
784,3.60000003638560883700847625732422e-05
785,3.60000003638560883700847625732422e-05
786,3.60000003638560883700847625732422e-05
787,3.59999994543613865971565246582031e-05
788,3.59999994543613865971565246582031e-05
789,3.60000003638560883700847625732422e-05
790,3.60000003638560883700847625732422e-05
791,3.60000003638560883700847625732422e-05
792,3.60000003638560883700847625732422e-05
793,3.59999994543613865971565246582031e-05
794,3.70000007023918442428112030029297e-05
795,3.69999997928971424698829650878906e-05
796,3.60000003638560883700847625732422e-05
797,3.69999997928971424698829650878906e-05
798,3.69999997928971424698829650878906e-05
799,3.60000003638560883700847625732422e-05
800,3.60000003638560883700847625732422e-05
801,3.69999997928971424698829650878906e-05
802,3.69999997928971424698829650878906e-05
803,3.69999997928971424698829650878906e-05
804,3.69999997928971424698829650878906e-05
805,3.70000007023918442428112030029297e-05
806,3.80000001314328983426094055175781e-05
807,3.80000001314328983426094055175781e-05
808,3.69999997928971424698829650878906e-05
809,3.60000003638560883700847625732422e-05
810,3.69999997928971424698829650878906e-05
811,3.69999997928971424698829650878906e-05
812,3.80000001314328983426094055175781e-05
813,3.69999997928971424698829650878906e-05
814,3.69999997928971424698829650878906e-05
815,3.59999994543613865971565246582031e-05
816,3.69999997928971424698829650878906e-05
817,3.80000001314328983426094055175781e-05
818,3.70000007023918442428112030029297e-05
819,4.20000005760812200605869293212891e-05
820,3.69999997928971424698829650878906e-05
821,3.80000001314328983426094055175781e-05
822,3.80000001314328983426094055175781e-05
823,3.69999997928971424698829650878906e-05
824,3.80000001314328983426094055175781e-05
825,3.90000004699686542153358459472656e-05
826,3.80000001314328983426094055175781e-05
827,3.89999995604739524424076080322266e-05
828,3.80000001314328983426094055175781e-05
829,3.80000001314328983426094055175781e-05
830,3.89999995604739524424076080322266e-05
831,3.80000001314328983426094055175781e-05
832,3.89999995604739524424076080322266e-05
833,3.69999997928971424698829650878906e-05
834,3.99999998990097083151340484619141e-05
835,3.80000001314328983426094055175781e-05
836,3.80000001314328983426094055175781e-05
837,3.99999998990097083151340484619141e-05
838,4.10000002375454641878604888916016e-05
839,4.19999996665865182876586914062500e-05
840,4.40000003436580300331115722656250e-05
841,4.30000000051222741603851318359375e-05
842,4.60000001112348400056362152099609e-05
843,4.60000001112348400056362152099609e-05
844,4.50000006821937859058380126953125e-05
845,4.69999995402758941054344177246094e-05
846,4.49999997726990841329097747802734e-05
847,4.60000001112348400056362152099609e-05
848,4.60000001112348400056362152099609e-05
849,4.49999997726990841329097747802734e-05
850,4.40000003436580300331115722656250e-05
851,4.69999995402758941054344177246094e-05
852,4.49999997726990841329097747802734e-05
853,4.50000006821937859058380126953125e-05
854,4.60000001112348400056362152099609e-05
855,4.40000003436580300331115722656250e-05
856,4.60000001112348400056362152099609e-05
857,4.60000001112348400056362152099609e-05
858,4.60000001112348400056362152099609e-05
859,4.69999995402758941054344177246094e-05
860,4.49999997726990841329097747802734e-05
861,4.69999995402758941054344177246094e-05
862,4.49999997726990841329097747802734e-05
863,4.50000006821937859058380126953125e-05
864,4.60000001112348400056362152099609e-05
865,4.49999997726990841329097747802734e-05
866,4.60000001112348400056362152099609e-05
867,4.60000001112348400056362152099609e-05
868,4.69999995402758941054344177246094e-05
869,4.39999994341633282601833343505859e-05
870,4.20000005760812200605869293212891e-05
871,4.20000005760812200605869293212891e-05
872,4.19999996665865182876586914062500e-05
873,4.20000005760812200605869293212891e-05
874,4.20000005760812200605869293212891e-05
875,3.99999998990097083151340484619141e-05
876,4.09999993280507624149322509765625e-05
877,4.20000005760812200605869293212891e-05
878,4.20000005760812200605869293212891e-05
879,4.10000002375454641878604888916016e-05
880,4.19999996665865182876586914062500e-05
881,4.39999994341633282601833343505859e-05
882,4.10000002375454641878604888916016e-05
883,4.10000002375454641878604888916016e-05
884,3.99999998990097083151340484619141e-05
885,4.09999993280507624149322509765625e-05
886,4.10000002375454641878604888916016e-05
887,4.19999996665865182876586914062500e-05
888,4.10000002375454641878604888916016e-05
889,4.19999996665865182876586914062500e-05
890,4.20000005760812200605869293212891e-05
891,4.10000002375454641878604888916016e-05
892,4.19999996665865182876586914062500e-05
893,4.19999996665865182876586914062500e-05
894,4.19999996665865182876586914062500e-05
895,4.10000002375454641878604888916016e-05
896,4.19999996665865182876586914062500e-05
897,4.30000000051222741603851318359375e-05
898,4.19999996665865182876586914062500e-05
899,4.19999996665865182876586914062500e-05
900,4.30000000051222741603851318359375e-05
901,4.19999996665865182876586914062500e-05
902,4.19999996665865182876586914062500e-05
903,4.30000000051222741603851318359375e-05
904,4.20000005760812200605869293212891e-05
905,4.19999996665865182876586914062500e-05
906,4.19999996665865182876586914062500e-05
907,4.10000002375454641878604888916016e-05
908,4.10000002375454641878604888916016e-05
909,4.20000005760812200605869293212891e-05
910,4.30000000051222741603851318359375e-05
911,4.30000000051222741603851318359375e-05
912,4.30000000051222741603851318359375e-05
913,4.30000000051222741603851318359375e-05
914,4.10000002375454641878604888916016e-05
915,4.30000000051222741603851318359375e-05
916,4.30000000051222741603851318359375e-05
917,4.19999996665865182876586914062500e-05
918,4.49999997726990841329097747802734e-05
919,4.19999996665865182876586914062500e-05
920,4.19999996665865182876586914062500e-05
921,4.30000000051222741603851318359375e-05
922,4.30000000051222741603851318359375e-05
923,4.30000000051222741603851318359375e-05
924,4.19999996665865182876586914062500e-05
925,4.40000003436580300331115722656250e-05
926,4.39999994341633282601833343505859e-05
927,4.49999997726990841329097747802734e-05
928,4.69999995402758941054344177246094e-05
929,4.79999998788116499781608581542969e-05
930,4.99999996463884599506855010986328e-05
931,5.00000005558831617236137390136719e-05
932,5.00000005558831617236137390136719e-05
933,4.90000002173474058508872985839844e-05
934,5.09999999849242158234119415283203e-05
935,4.99999996463884599506855010986328e-05
936,4.99999996463884599506855010986328e-05
937,4.89999993078527040779590606689453e-05
938,5.09999999849242158234119415283203e-05
939,5.09999999849242158234119415283203e-05
940,5.09999999849242158234119415283203e-05
941,5.50000004295725375413894653320312e-05
942,5.20000003234599716961383819580078e-05
943,5.09999999849242158234119415283203e-05
944,5.00000005558831617236137390136719e-05
945,5.09999999849242158234119415283203e-05
946,4.99999996463884599506855010986328e-05
947,5.20000003234599716961383819580078e-05
948,5.00000005558831617236137390136719e-05
949,5.09999999849242158234119415283203e-05
950,5.09999999849242158234119415283203e-05
951,4.99999996463884599506855010986328e-05
952,5.20000003234599716961383819580078e-05
953,5.20000003234599716961383819580078e-05
954,5.09999999849242158234119415283203e-05
955,5.19999994139652699232101440429688e-05
956,4.79999998788116499781608581542969e-05
957,4.69999995402758941054344177246094e-05
958,4.60000001112348400056362152099609e-05
959,4.60000001112348400056362152099609e-05
960,4.49999997726990841329097747802734e-05
961,4.60000001112348400056362152099609e-05
962,4.49999997726990841329097747802734e-05
963,4.60000001112348400056362152099609e-05
964,4.59999992017401382327079772949219e-05
965,4.60000001112348400056362152099609e-05
966,4.40000003436580300331115722656250e-05
967,4.40000003436580300331115722656250e-05
968,4.60000001112348400056362152099609e-05
969,4.49999997726990841329097747802734e-05
970,4.49999997726990841329097747802734e-05
971,4.60000001112348400056362152099609e-05
972,4.50000006821937859058380126953125e-05
973,4.60000001112348400056362152099609e-05
974,4.49999997726990841329097747802734e-05
975,4.49999997726990841329097747802734e-05
976,4.60000001112348400056362152099609e-05
977,4.60000001112348400056362152099609e-05
978,4.60000001112348400056362152099609e-05
979,4.60000001112348400056362152099609e-05
980,4.60000001112348400056362152099609e-05
981,4.60000001112348400056362152099609e-05
982,4.60000001112348400056362152099609e-05
983,4.49999997726990841329097747802734e-05
984,4.60000001112348400056362152099609e-05
985,4.79999998788116499781608581542969e-05
986,4.60000001112348400056362152099609e-05
987,4.70000004497705958783626556396484e-05
988,4.60000001112348400056362152099609e-05
989,4.60000001112348400056362152099609e-05
990,4.69999995402758941054344177246094e-05
991,4.70000004497705958783626556396484e-05
992,4.60000001112348400056362152099609e-05
993,4.60000001112348400056362152099609e-05
994,4.60000001112348400056362152099609e-05
995,4.69999995402758941054344177246094e-05
996,4.90000002173474058508872985839844e-05
997,4.59999992017401382327079772949219e-05
998,4.60000001112348400056362152099609e-05
999,4.50000006821937859058380126953125e-05
1000,4.60000001112348400056362152099609e-05
1001,4.60000001112348400056362152099609e-05
1002,4.59999992017401382327079772949219e-05
1003,4.60000001112348400056362152099609e-05
1004,4.69999995402758941054344177246094e-05
1005,4.70000004497705958783626556396484e-05
1006,4.79999998788116499781608581542969e-05
1007,4.60000001112348400056362152099609e-05
1008,4.79999998788116499781608581542969e-05
1009,5.09999999849242158234119415283203e-05
1010,5.49999995200778357684612274169922e-05
1011,4.99999996463884599506855010986328e-05
1012,5.50000004295725375413894653320312e-05
1013,5.29999997525010257959365844726562e-05
1014,5.29999997525010257959365844726562e-05
1015,5.50000004295725375413894653320312e-05
1016,5.29999997525010257959365844726562e-05
1017,5.50000004295725375413894653320312e-05
1018,5.59999998586135916411876678466797e-05
1019,5.50000004295725375413894653320312e-05
1020,5.49999995200778357684612274169922e-05
1021,5.40000000910367816686630249023438e-05
1022,5.50000004295725375413894653320312e-05
1023,5.59999998586135916411876678466797e-05
1024,5.50000004295725375413894653320312e-05
1025,5.59999998586135916411876678466797e-05
1026,5.50000004295725375413894653320312e-05
1027,5.59999998586135916411876678466797e-05
1028,5.29999997525010257959365844726562e-05
1029,5.59999998586135916411876678466797e-05
1030,5.59999998586135916411876678466797e-05
1031,5.60000007681082934141159057617188e-05
1032,5.59999998586135916411876678466797e-05
1033,5.50000004295725375413894653320312e-05
1034,5.59999998586135916411876678466797e-05
1035,5.50000004295725375413894653320312e-05
1036,5.40000000910367816686630249023438e-05
1037,5.20000003234599716961383819580078e-05
1038,5.00000005558831617236137390136719e-05
1039,5.00000005558831617236137390136719e-05
1040,5.09999999849242158234119415283203e-05
1041,4.99999996463884599506855010986328e-05
1042,4.90000002173474058508872985839844e-05
1043,4.89999993078527040779590606689453e-05
1044,4.90000002173474058508872985839844e-05
1045,4.90000002173474058508872985839844e-05
1046,4.90000002173474058508872985839844e-05
1047,4.99999996463884599506855010986328e-05
1048,5.20000003234599716961383819580078e-05
1049,4.90000002173474058508872985839844e-05
1050,4.90000002173474058508872985839844e-05
1051,4.90000002173474058508872985839844e-05
1052,4.90000002173474058508872985839844e-05
1053,4.90000002173474058508872985839844e-05
1054,4.90000002173474058508872985839844e-05
1055,5.00000005558831617236137390136719e-05
1056,5.09999999849242158234119415283203e-05
1057,4.90000002173474058508872985839844e-05
1058,5.09999999849242158234119415283203e-05
1059,4.99999996463884599506855010986328e-05
1060,5.09999999849242158234119415283203e-05
1061,4.79999998788116499781608581542969e-05
1062,4.90000002173474058508872985839844e-05
1063,5.09999999849242158234119415283203e-05
1064,5.09999999849242158234119415283203e-05
1065,5.00000005558831617236137390136719e-05
1066,5.09999999849242158234119415283203e-05
1067,5.00000005558831617236137390136719e-05
1068,4.89999993078527040779590606689453e-05
1069,4.90000002173474058508872985839844e-05
1070,5.00000005558831617236137390136719e-05
1071,5.09999999849242158234119415283203e-05
1072,5.09999999849242158234119415283203e-05
1073,4.99999996463884599506855010986328e-05
1074,5.09999999849242158234119415283203e-05
1075,5.09999999849242158234119415283203e-05
1076,5.00000005558831617236137390136719e-05
1077,5.09999999849242158234119415283203e-05
1078,5.09999999849242158234119415283203e-05
1079,5.40000000910367816686630249023438e-05
1080,5.09999999849242158234119415283203e-05
1081,4.89999993078527040779590606689453e-05
1082,5.09999999849242158234119415283203e-05
1083,5.09999999849242158234119415283203e-05
1084,5.09999999849242158234119415283203e-05
1085,5.20000003234599716961383819580078e-05
1086,5.70000001971493475139141082763672e-05
1087,5.59999998586135916411876678466797e-05
1088,5.89999999647261574864387512207031e-05
1089,6.20000000708387233316898345947266e-05
1090,5.89999999647261574864387512207031e-05
1091,5.99999993937672115862369537353516e-05
1092,5.70000001971493475139141082763672e-05
1093,6.00000003032619133591651916503906e-05
1094,6.00000003032619133591651916503906e-05
1095,5.89999999647261574864387512207031e-05
1096,5.89999999647261574864387512207031e-05
1097,6.00000003032619133591651916503906e-05
1098,6.10000006417976692318916320800781e-05
1099,5.80000005356851033866405487060547e-05
1100,6.00000003032619133591651916503906e-05
1101,6.10000006417976692318916320800781e-05
1102,5.89999999647261574864387512207031e-05
1103,5.89999999647261574864387512207031e-05
1104,5.69999992876546457409858703613281e-05
1105,5.79999996261904016137123107910156e-05
1106,5.89999999647261574864387512207031e-05
1107,6.09999997323029674589633941650391e-05
1108,5.89999999647261574864387512207031e-05
1109,5.89999999647261574864387512207031e-05
1110,5.89999999647261574864387512207031e-05
1111,5.40000000910367816686630249023438e-05
1112,5.40000000910367816686630249023438e-05
1113,5.29999997525010257959365844726562e-05
1114,5.20000003234599716961383819580078e-05
1115,5.29999997525010257959365844726562e-05
1116,5.30000006619957275688648223876953e-05
1117,5.59999998586135916411876678466797e-05
1118,5.09999999849242158234119415283203e-05
1119,5.29999997525010257959365844726562e-05
1120,5.09999999849242158234119415283203e-05
1121,5.40000000910367816686630249023438e-05
1122,5.29999997525010257959365844726562e-05
1123,5.29999997525010257959365844726562e-05
1124,5.30000006619957275688648223876953e-05
1125,5.29999997525010257959365844726562e-05
1126,5.30000006619957275688648223876953e-05
1127,5.59999998586135916411876678466797e-05
1128,5.39999991815420798957347869873047e-05
1129,5.19999994139652699232101440429688e-05
1130,5.30000006619957275688648223876953e-05
1131,5.40000000910367816686630249023438e-05
1132,5.49999995200778357684612274169922e-05
1133,5.40000000910367816686630249023438e-05
1134,5.29999997525010257959365844726562e-05
1135,5.39999991815420798957347869873047e-05
1136,5.40000000910367816686630249023438e-05
1137,5.29999997525010257959365844726562e-05
1138,5.39999991815420798957347869873047e-05
1139,5.49999995200778357684612274169922e-05
1140,5.29999997525010257959365844726562e-05
1141,5.50000004295725375413894653320312e-05
1142,5.40000000910367816686630249023438e-05
1143,5.29999997525010257959365844726562e-05
1144,5.49999995200778357684612274169922e-05
1145,5.40000000910367816686630249023438e-05
1146,5.40000000910367816686630249023438e-05
1147,5.20000003234599716961383819580078e-05
1148,5.50000004295725375413894653320312e-05
1149,5.40000000910367816686630249023438e-05
1150,5.40000000910367816686630249023438e-05
1151,5.40000000910367816686630249023438e-05
1152,5.49999995200778357684612274169922e-05
1153,5.40000000910367816686630249023438e-05
1154,5.40000000910367816686630249023438e-05
1155,5.49999995200778357684612274169922e-05
1156,6.00000003032619133591651916503906e-05
1157,5.89999999647261574864387512207031e-05
1158,5.79999996261904016137123107910156e-05
1159,6.10000006417976692318916320800781e-05
1160,6.20000000708387233316898345947266e-05
1161,6.20000000708387233316898345947266e-05
1162,6.39999998384155333042144775390625e-05
1163,6.39999998384155333042144775390625e-05
1164,6.30000004093744792044162750244141e-05
1165,6.59999996059923432767391204833984e-05
1166,6.09999997323029674589633941650391e-05
1167,6.50000001769512891769409179687500e-05
1168,6.39999998384155333042144775390625e-05
1169,6.20000000708387233316898345947266e-05
1170,6.39999998384155333042144775390625e-05
1171,6.30000004093744792044162750244141e-05
1172,6.30000004093744792044162750244141e-05
1173,6.09999997323029674589633941650391e-05
1174,6.39999998384155333042144775390625e-05
1175,6.59999996059923432767391204833984e-05
1176,6.39999998384155333042144775390625e-05
1177,6.39999998384155333042144775390625e-05
1178,6.39999998384155333042144775390625e-05
1179,6.50000001769512891769409179687500e-05
1180,5.89999999647261574864387512207031e-05
1181,5.80000005356851033866405487060547e-05
1182,5.79999996261904016137123107910156e-05
1183,5.70000001971493475139141082763672e-05
1184,5.70000001971493475139141082763672e-05
1185,5.59999998586135916411876678466797e-05
1186,5.70000001971493475139141082763672e-05
1187,5.79999996261904016137123107910156e-05
1188,5.70000001971493475139141082763672e-05
1189,5.59999998586135916411876678466797e-05
1190,5.59999998586135916411876678466797e-05
1191,5.59999998586135916411876678466797e-05
1192,5.59999998586135916411876678466797e-05
1193,5.60000007681082934141159057617188e-05
1194,5.69999992876546457409858703613281e-05
1195,5.60000007681082934141159057617188e-05
1196,5.69999992876546457409858703613281e-05
1197,5.60000007681082934141159057617188e-05
1198,5.69999992876546457409858703613281e-05
1199,5.70000001971493475139141082763672e-05
1200,5.79999996261904016137123107910156e-05
1201,5.89999999647261574864387512207031e-05
1202,5.59999998586135916411876678466797e-05
1203,5.70000001971493475139141082763672e-05
1204,5.70000001971493475139141082763672e-05
1205,5.69999992876546457409858703613281e-05
1206,5.89999999647261574864387512207031e-05
1207,5.70000001971493475139141082763672e-05
1208,5.60000007681082934141159057617188e-05
1209,5.80000005356851033866405487060547e-05
1210,5.89999999647261574864387512207031e-05
1211,5.70000001971493475139141082763672e-05
1212,5.80000005356851033866405487060547e-05
1213,5.59999998586135916411876678466797e-05
1214,5.70000001971493475139141082763672e-05
1215,5.79999996261904016137123107910156e-05
1216,5.70000001971493475139141082763672e-05
1217,5.59999998586135916411876678466797e-05
1218,5.59999998586135916411876678466797e-05
1219,6.10000006417976692318916320800781e-05
1220,5.70000001971493475139141082763672e-05
1221,5.70000001971493475139141082763672e-05
1222,5.70000001971493475139141082763672e-05
1223,6.20000000708387233316898345947266e-05
1224,6.39999998384155333042144775390625e-05
1225,6.29999994998797774314880371093750e-05
1226,6.50000001769512891769409179687500e-05
1227,6.59999996059923432767391204833984e-05
1228,6.69999999445280991494655609130859e-05
1229,6.50000001769512891769409179687500e-05
1230,6.59999996059923432767391204833984e-05
1231,6.50000001769512891769409179687500e-05
1232,6.69999999445280991494655609130859e-05
1233,6.59999996059923432767391204833984e-05
1234,6.59999996059923432767391204833984e-05
1235,6.80000002830638550221920013427734e-05
1236,6.90000006215996108949184417724609e-05
1237,6.80000002830638550221920013427734e-05
1238,6.69999999445280991494655609130859e-05
1239,6.80000002830638550221920013427734e-05
1240,6.59999996059923432767391204833984e-05
1241,6.80000002830638550221920013427734e-05
1242,6.69999999445280991494655609130859e-05
1243,6.69999999445280991494655609130859e-05
1244,6.89999997121049091219902038574219e-05
1245,6.20000000708387233316898345947266e-05
1246,6.09999997323029674589633941650391e-05
1247,6.00000003032619133591651916503906e-05
1248,5.89999999647261574864387512207031e-05
1249,5.89999999647261574864387512207031e-05
1250,5.89999999647261574864387512207031e-05
1251,6.09999997323029674589633941650391e-05
1252,5.99999993937672115862369537353516e-05
1253,5.89999999647261574864387512207031e-05
1254,6.00000003032619133591651916503906e-05
1255,5.89999999647261574864387512207031e-05
1256,5.89999999647261574864387512207031e-05
1257,5.99999993937672115862369537353516e-05
1258,5.89999999647261574864387512207031e-05
1259,5.80000005356851033866405487060547e-05
1260,5.89999999647261574864387512207031e-05
1261,5.89999999647261574864387512207031e-05
1262,5.79999996261904016137123107910156e-05
1263,5.89999999647261574864387512207031e-05
1264,5.99999993937672115862369537353516e-05
1265,5.89999999647261574864387512207031e-05
1266,5.79999996261904016137123107910156e-05
1267,6.20000000708387233316898345947266e-05
1268,5.99999993937672115862369537353516e-05
1269,5.99999993937672115862369537353516e-05
1270,6.00000003032619133591651916503906e-05
1271,6.00000003032619133591651916503906e-05
1272,5.99999993937672115862369537353516e-05
1273,6.00000003032619133591651916503906e-05
1274,6.00000003032619133591651916503906e-05
1275,6.00000003032619133591651916503906e-05
1276,5.89999999647261574864387512207031e-05
1277,6.00000003032619133591651916503906e-05
1278,5.99999993937672115862369537353516e-05
1279,6.20000000708387233316898345947266e-05
1280,6.20000000708387233316898345947266e-05
1281,6.09999997323029674589633941650391e-05
1282,6.09999997323029674589633941650391e-05
1283,5.89999999647261574864387512207031e-05
1284,6.09999997323029674589633941650391e-05
1285,5.80000005356851033866405487060547e-05
1286,6.39999998384155333042144775390625e-05
1287,6.60000005154870450496673583984375e-05
1288,6.69999999445280991494655609130859e-05
1289,7.10000003891764208674430847167969e-05
1290,7.00000000506406649947166442871094e-05
1291,7.00000000506406649947166442871094e-05
1292,7.19999998182174749672412872314453e-05
1293,7.00000000506406649947166442871094e-05
1294,7.09999994796817190945148468017578e-05
1295,7.00000000506406649947166442871094e-05
1296,6.90000006215996108949184417724609e-05
1297,6.80000002830638550221920013427734e-05
1298,7.10000003891764208674430847167969e-05
1299,6.89999997121049091219902038574219e-05
1300,6.79999993735691532492637634277344e-05
1301,7.10000003891764208674430847167969e-05
1302,7.10000003891764208674430847167969e-05
1303,6.89999997121049091219902038574219e-05
1304,7.00000000506406649947166442871094e-05
1305,7.10000003891764208674430847167969e-05
1306,7.10000003891764208674430847167969e-05
1307,6.79999993735691532492637634277344e-05
1308,6.50000001769512891769409179687500e-05
1309,6.30000004093744792044162750244141e-05
1310,6.30000004093744792044162750244141e-05
1311,6.29999994998797774314880371093750e-05
1312,6.39999998384155333042144775390625e-05
1313,6.20000000708387233316898345947266e-05
1314,6.20000000708387233316898345947266e-05
1315,6.30000004093744792044162750244141e-05
1316,6.20000000708387233316898345947266e-05
1317,6.09999997323029674589633941650391e-05
1318,6.19999991613440215587615966796875e-05
1319,6.20000000708387233316898345947266e-05
1320,6.59999996059923432767391204833984e-05
1321,6.29999994998797774314880371093750e-05
1322,6.09999997323029674589633941650391e-05
1323,6.09999997323029674589633941650391e-05
1324,6.09999997323029674589633941650391e-05
1325,6.30000004093744792044162750244141e-05
1326,6.29999994998797774314880371093750e-05
1327,6.29999994998797774314880371093750e-05
1328,6.20000000708387233316898345947266e-05
1329,6.20000000708387233316898345947266e-05
1330,6.20000000708387233316898345947266e-05
1331,6.40000007479102350771427154541016e-05
1332,6.30000004093744792044162750244141e-05
1333,6.20000000708387233316898345947266e-05
1334,6.39999998384155333042144775390625e-05
1335,6.40000007479102350771427154541016e-05
1336,6.40000007479102350771427154541016e-05
1337,6.20000000708387233316898345947266e-05
1338,6.29999994998797774314880371093750e-05
1339,6.39999998384155333042144775390625e-05
1340,6.30000004093744792044162750244141e-05
1341,6.29999994998797774314880371093750e-05
1342,6.29999994998797774314880371093750e-05
1343,6.29999994998797774314880371093750e-05
1344,6.39999998384155333042144775390625e-05
1345,6.20000000708387233316898345947266e-05
1346,6.50000001769512891769409179687500e-05
1347,6.79999993735691532492637634277344e-05
1348,7.30000001567532308399677276611328e-05
1349,7.39999995857942849397659301757812e-05
1350,7.40000004952889867126941680908203e-05
1351,7.39999995857942849397659301757812e-05
1352,7.20000007277121767401695251464844e-05
1353,7.30000001567532308399677276611328e-05
1354,7.30000001567532308399677276611328e-05
1355,7.39999995857942849397659301757812e-05
1356,7.39999995857942849397659301757812e-05
1357,7.29999992472585290670394897460938e-05
1358,7.39999995857942849397659301757812e-05
1359,7.29999992472585290670394897460938e-05
1360,7.40000004952889867126941680908203e-05
1361,7.29999992472585290670394897460938e-05
1362,7.30000001567532308399677276611328e-05
1363,7.40000004952889867126941680908203e-05
1364,7.30000001567532308399677276611328e-05
1365,7.30000001567532308399677276611328e-05
1366,7.20000007277121767401695251464844e-05
1367,6.69999999445280991494655609130859e-05
1368,6.59999996059923432767391204833984e-05
1369,6.40000007479102350771427154541016e-05
1370,6.59999996059923432767391204833984e-05
1371,6.59999996059923432767391204833984e-05
1372,6.50000001769512891769409179687500e-05
1373,6.39999998384155333042144775390625e-05
1374,6.50000001769512891769409179687500e-05
1375,6.69999999445280991494655609130859e-05
1376,6.50000001769512891769409179687500e-05
1377,6.50000001769512891769409179687500e-05
1378,6.50000001769512891769409179687500e-05
1379,6.59999996059923432767391204833984e-05
1380,6.39999998384155333042144775390625e-05
1381,6.59999996059923432767391204833984e-05
1382,6.60000005154870450496673583984375e-05
1383,6.50000001769512891769409179687500e-05
1384,6.60000005154870450496673583984375e-05
1385,6.59999996059923432767391204833984e-05
1386,6.50000001769512891769409179687500e-05
1387,6.59999996059923432767391204833984e-05
1388,6.60000005154870450496673583984375e-05
1389,6.69999999445280991494655609130859e-05
1390,6.50000001769512891769409179687500e-05
1391,6.50000001769512891769409179687500e-05
1392,6.59999996059923432767391204833984e-05
1393,6.60000005154870450496673583984375e-05
1394,6.59999996059923432767391204833984e-05
1395,6.39999998384155333042144775390625e-05
1396,6.60000005154870450496673583984375e-05
1397,6.79999993735691532492637634277344e-05
1398,6.60000005154870450496673583984375e-05
1399,6.69999999445280991494655609130859e-05
1400,6.60000005154870450496673583984375e-05
1401,6.60000005154870450496673583984375e-05
1402,6.49999992674565874040126800537109e-05
1403,6.60000005154870450496673583984375e-05
1404,6.69999999445280991494655609130859e-05
1405,7.30000001567532308399677276611328e-05
1406,7.40000004952889867126941680908203e-05
1407,8.10000001365551725029945373535156e-05
1408,7.60000002628657966852188110351562e-05
1409,7.60000002628657966852188110351562e-05
1410,7.69999996919068507850170135498047e-05
1411,7.80000000304426066577434539794922e-05
1412,7.80000000304426066577434539794922e-05
1413,7.60000002628657966852188110351562e-05
1414,7.60000002628657966852188110351562e-05
1415,7.69999996919068507850170135498047e-05
1416,7.49999999243300408124923706054688e-05
1417,7.80000000304426066577434539794922e-05
1418,7.80000000304426066577434539794922e-05
1419,7.69999996919068507850170135498047e-05
1420,7.69999996919068507850170135498047e-05
1421,7.69999996919068507850170135498047e-05
1422,7.69999996919068507850170135498047e-05
1423,7.70000006014015525579452514648438e-05
1424,7.09999994796817190945148468017578e-05
1425,7.00000000506406649947166442871094e-05
1426,6.90000006215996108949184417724609e-05
1427,7.00000000506406649947166442871094e-05
1428,6.80000002830638550221920013427734e-05
1429,7.20000007277121767401695251464844e-05
1430,6.89999997121049091219902038574219e-05
1431,6.79999993735691532492637634277344e-05
1432,6.79999993735691532492637634277344e-05
1433,6.69999999445280991494655609130859e-05
1434,6.60000005154870450496673583984375e-05
1435,6.69999999445280991494655609130859e-05
1436,6.89999997121049091219902038574219e-05
1437,7.10000003891764208674430847167969e-05
1438,6.79999993735691532492637634277344e-05
1439,6.79999993735691532492637634277344e-05
1440,6.79999993735691532492637634277344e-05
1441,6.79999993735691532492637634277344e-05
1442,6.79999993735691532492637634277344e-05
1443,6.90000006215996108949184417724609e-05
1444,6.69999999445280991494655609130859e-05
1445,6.80000002830638550221920013427734e-05
1446,6.80000002830638550221920013427734e-05
1447,7.00000000506406649947166442871094e-05
1448,6.90000006215996108949184417724609e-05
1449,6.80000002830638550221920013427734e-05
1450,6.90000006215996108949184417724609e-05
1451,6.80000002830638550221920013427734e-05
1452,6.80000002830638550221920013427734e-05
1453,6.80000002830638550221920013427734e-05
1454,6.79999993735691532492637634277344e-05
1455,6.79999993735691532492637634277344e-05
1456,6.79999993735691532492637634277344e-05
1457,6.80000002830638550221920013427734e-05
1458,6.89999997121049091219902038574219e-05
1459,6.69999999445280991494655609130859e-05
1460,7.39999995857942849397659301757812e-05
1461,7.49999999243300408124923706054688e-05
1462,7.90000003689783625304698944091797e-05
1463,7.99999997980194166302680969238281e-05
1464,7.99999997980194166302680969238281e-05
1465,8.19999995655962266027927398681641e-05
1466,7.90000003689783625304698944091797e-05
1467,8.40000002426677383482456207275391e-05
1468,8.10000001365551725029945373535156e-05
1469,7.80000000304426066577434539794922e-05
1470,7.99999997980194166302680969238281e-05
1471,8.00000007075141184031963348388672e-05
1472,7.89999994594836607575416564941406e-05
1473,7.89999994594836607575416564941406e-05
1474,7.90000003689783625304698944091797e-05
1475,7.80000000304426066577434539794922e-05
1476,8.10000001365551725029945373535156e-05
1477,8.20000004750909283757209777832031e-05
1478,7.99999997980194166302680969238281e-05
1479,7.39999995857942849397659301757812e-05
1480,7.29999992472585290670394897460938e-05
1481,7.30000001567532308399677276611328e-05
1482,7.10000003891764208674430847167969e-05
1483,7.10000003891764208674430847167969e-05
1484,7.09999994796817190945148468017578e-05
1485,7.00000000506406649947166442871094e-05
1486,7.00000000506406649947166442871094e-05
1487,7.00000000506406649947166442871094e-05
1488,7.49999999243300408124923706054688e-05
1489,7.20000007277121767401695251464844e-05
1490,7.00000000506406649947166442871094e-05
1491,7.10000003891764208674430847167969e-05
1492,7.10000003891764208674430847167969e-05
1493,7.10000003891764208674430847167969e-05
1494,7.10000003891764208674430847167969e-05
1495,6.99999991411459632217884063720703e-05
1496,7.09999994796817190945148468017578e-05
1497,7.30000001567532308399677276611328e-05
1498,7.19999998182174749672412872314453e-05
1499,7.00000000506406649947166442871094e-05
1500,7.09999994796817190945148468017578e-05
1501,7.09999994796817190945148468017578e-05
1502,7.19999998182174749672412872314453e-05
1503,7.39999995857942849397659301757812e-05
1504,7.10000003891764208674430847167969e-05
1505,7.09999994796817190945148468017578e-05
1506,7.09999994796817190945148468017578e-05
1507,7.30000001567532308399677276611328e-05
1508,7.09999994796817190945148468017578e-05
1509,7.09999994796817190945148468017578e-05
1510,7.00000000506406649947166442871094e-05
1511,7.30000001567532308399677276611328e-05
1512,7.10000003891764208674430847167969e-05
1513,7.00000000506406649947166442871094e-05
1514,7.79999991209479048848152160644531e-05
1515,8.19999995655962266027927398681641e-05
1516,8.19999995655962266027927398681641e-05
1517,8.29999999041319824755191802978516e-05
1518,8.29999999041319824755191802978516e-05
1519,8.10000001365551725029945373535156e-05
1520,8.19999995655962266027927398681641e-05
1521,8.39999993331730365753173828125000e-05
1522,8.29999999041319824755191802978516e-05
1523,8.29999999041319824755191802978516e-05
1524,8.50000005812034942209720611572266e-05
1525,8.20000004750909283757209777832031e-05
1526,8.10000001365551725029945373535156e-05
1527,8.29999999041319824755191802978516e-05
1528,8.40000002426677383482456207275391e-05
1529,8.29999999041319824755191802978516e-05
1530,8.29999999041319824755191802978516e-05
1531,8.50000005812034942209720611572266e-05
1532,7.60000002628657966852188110351562e-05
1533,7.49999999243300408124923706054688e-05
1534,7.30000001567532308399677276611328e-05
1535,7.39999995857942849397659301757812e-05
1536,7.30000001567532308399677276611328e-05
1537,7.30000001567532308399677276611328e-05
1538,7.60000002628657966852188110351562e-05
1539,7.19999998182174749672412872314453e-05
1540,7.29999992472585290670394897460938e-05
1541,7.30000001567532308399677276611328e-05
1542,7.49999999243300408124923706054688e-05
1543,7.30000001567532308399677276611328e-05
1544,7.49999999243300408124923706054688e-05
1545,7.49999999243300408124923706054688e-05
1546,7.09999994796817190945148468017578e-05
1547,7.19999998182174749672412872314453e-05
1548,7.30000001567532308399677276611328e-05
1549,7.39999995857942849397659301757812e-05
1550,7.40000004952889867126941680908203e-05
1551,7.29999992472585290670394897460938e-05
1552,7.39999995857942849397659301757812e-05
1553,7.30000001567532308399677276611328e-05
1554,7.30000001567532308399677276611328e-05
1555,7.30000001567532308399677276611328e-05
1556,7.30000001567532308399677276611328e-05
1557,7.30000001567532308399677276611328e-05
1558,7.49999999243300408124923706054688e-05
1559,7.19999998182174749672412872314453e-05
1560,7.50000008338247425854206085205078e-05
1561,7.30000001567532308399677276611328e-05
1562,7.40000004952889867126941680908203e-05
1563,7.40000004952889867126941680908203e-05
1564,7.30000001567532308399677276611328e-05
1565,7.39999995857942849397659301757812e-05
1566,7.80000000304426066577434539794922e-05
1567,8.29999999041319824755191802978516e-05
1568,8.40000002426677383482456207275391e-05
1569,8.39999993331730365753173828125000e-05
1570,8.49999996717087924480438232421875e-05
1571,8.70000003487803041934967041015625e-05
1572,8.29999999041319824755191802978516e-05
1573,8.79999997778213582932949066162109e-05
1574,8.60000000102445483207702636718750e-05
1575,8.70000003487803041934967041015625e-05
1576,8.70000003487803041934967041015625e-05
1577,8.70000003487803041934967041015625e-05
1578,8.60000000102445483207702636718750e-05
1579,8.60000000102445483207702636718750e-05
1580,8.79999997778213582932949066162109e-05
1581,8.50000005812034942209720611572266e-05
1582,8.60000000102445483207702636718750e-05
1583,8.10000001365551725029945373535156e-05
1584,7.80000000304426066577434539794922e-05
1585,7.69999996919068507850170135498047e-05
1586,7.99999997980194166302680969238281e-05
1587,7.80000000304426066577434539794922e-05
1588,7.49999999243300408124923706054688e-05
1589,7.60000002628657966852188110351562e-05
1590,7.49999999243300408124923706054688e-05
1591,7.69999996919068507850170135498047e-05
1592,7.69999996919068507850170135498047e-05
1593,7.90000003689783625304698944091797e-05
1594,7.80000000304426066577434539794922e-05
1595,7.60000002628657966852188110351562e-05
1596,7.49999999243300408124923706054688e-05
1597,7.49999999243300408124923706054688e-05
1598,7.60000002628657966852188110351562e-05
1599,7.39999995857942849397659301757812e-05
1600,7.60000002628657966852188110351562e-05
1601,7.60000002628657966852188110351562e-05
1602,7.69999996919068507850170135498047e-05
1603,7.59999993533710949122905731201172e-05
1604,7.60000002628657966852188110351562e-05
1605,7.59999993533710949122905731201172e-05
1606,7.60000002628657966852188110351562e-05
1607,7.80000000304426066577434539794922e-05
1608,7.60000002628657966852188110351562e-05
1609,7.60000002628657966852188110351562e-05
1610,7.59999993533710949122905731201172e-05
1611,7.69999996919068507850170135498047e-05
1612,7.70000006014015525579452514648438e-05
1613,7.70000006014015525579452514648438e-05
1614,7.39999995857942849397659301757812e-05
1615,7.39999995857942849397659301757812e-05
1616,8.29999999041319824755191802978516e-05
1617,8.40000002426677383482456207275391e-05
1618,8.79999997778213582932949066162109e-05
1619,8.79999997778213582932949066162109e-05
1620,9.30000005610054358839988708496094e-05
1621,8.79999997778213582932949066162109e-05
1622,9.20000002224696800112724304199219e-05
1623,9.00000004548928700387477874755859e-05
1624,8.79999997778213582932949066162109e-05
1625,8.79999997778213582932949066162109e-05
1626,8.90000001163571141660213470458984e-05
1627,8.79999997778213582932949066162109e-05
1628,9.00000004548928700387477874755859e-05
1629,8.89999992068624123930931091308594e-05
1630,8.90000001163571141660213470458984e-05
1631,8.99999995453981682658195495605469e-05
1632,8.79999997778213582932949066162109e-05
1633,7.99999997980194166302680969238281e-05
1634,7.99999997980194166302680969238281e-05
1635,7.89999994594836607575416564941406e-05
1636,7.90000003689783625304698944091797e-05
1637,7.90000003689783625304698944091797e-05
1638,7.69999996919068507850170135498047e-05
1639,7.79999991209479048848152160644531e-05
1640,7.89999994594836607575416564941406e-05
1641,7.90000003689783625304698944091797e-05
1642,7.90000003689783625304698944091797e-05
1643,7.90000003689783625304698944091797e-05
1644,7.99999997980194166302680969238281e-05
1645,7.80000000304426066577434539794922e-05
1646,8.10000001365551725029945373535156e-05
1647,7.80000000304426066577434539794922e-05
1648,7.89999994594836607575416564941406e-05
1649,7.69999996919068507850170135498047e-05
1650,7.80000000304426066577434539794922e-05
1651,8.00000007075141184031963348388672e-05
1652,7.90000003689783625304698944091797e-05
1653,8.00000007075141184031963348388672e-05
1654,7.90000003689783625304698944091797e-05
1655,7.89999994594836607575416564941406e-05
1656,7.90000003689783625304698944091797e-05
1657,7.80000000304426066577434539794922e-05
1658,7.90000003689783625304698944091797e-05
1659,7.80000000304426066577434539794922e-05
1660,7.70000006014015525579452514648438e-05
1661,7.89999994594836607575416564941406e-05
1662,7.80000000304426066577434539794922e-05
1663,7.80000000304426066577434539794922e-05
1664,8.10000001365551725029945373535156e-05
1665,8.70000003487803041934967041015625e-05
1666,8.79999997778213582932949066162109e-05
1667,8.90000001163571141660213470458984e-05
1668,9.09999998839339241385459899902344e-05
1669,9.09999998839339241385459899902344e-05
1670,9.20000002224696800112724304199219e-05
1671,9.09999998839339241385459899902344e-05
1672,9.09999998839339241385459899902344e-05
1673,9.20000002224696800112724304199219e-05
1674,9.19999993129749782383441925048828e-05
1675,8.90000001163571141660213470458984e-05
1676,9.30000005610054358839988708496094e-05
1677,9.29999996515107341110706329345703e-05
1678,9.20000002224696800112724304199219e-05
1679,9.09999998839339241385459899902344e-05
1680,9.20000002224696800112724304199219e-05
1681,8.49999996717087924480438232421875e-05
1682,8.29999999041319824755191802978516e-05
1683,8.20000004750909283757209777832031e-05
1684,8.10000001365551725029945373535156e-05
1685,8.40000002426677383482456207275391e-05
1686,8.10000001365551725029945373535156e-05
1687,7.89999994594836607575416564941406e-05
1688,8.10000001365551725029945373535156e-05
1689,8.20000004750909283757209777832031e-05
1690,8.10000001365551725029945373535156e-05
1691,8.10000001365551725029945373535156e-05
1692,8.20000004750909283757209777832031e-05
1693,8.10000001365551725029945373535156e-05
1694,8.19999995655962266027927398681641e-05
1695,7.99999997980194166302680969238281e-05
1696,8.09999992270604707300662994384766e-05
1697,8.19999995655962266027927398681641e-05
1698,8.19999995655962266027927398681641e-05
1699,7.99999997980194166302680969238281e-05
1700,8.00000007075141184031963348388672e-05
1701,8.10000001365551725029945373535156e-05
1702,8.29999999041319824755191802978516e-05
1703,8.40000002426677383482456207275391e-05
1704,8.29999999041319824755191802978516e-05
1705,8.10000001365551725029945373535156e-05
1706,8.20000004750909283757209777832031e-05
1707,8.20000004750909283757209777832031e-05
1708,8.10000001365551725029945373535156e-05
1709,8.29999999041319824755191802978516e-05
1710,7.99999997980194166302680969238281e-05
1711,8.39999993331730365753173828125000e-05
1712,8.69999994392856024205684661865234e-05
1713,8.99999995453981682658195495605469e-05
1714,9.39999999900464899837970733642578e-05
1715,9.59999997576232999563217163085938e-05
1716,9.49999994190875440835952758789062e-05
1717,9.50000003285822458565235137939453e-05
1718,9.39999999900464899837970733642578e-05
1719,9.50000003285822458565235137939453e-05
1720,9.29999996515107341110706329345703e-05
1721,9.50000003285822458565235137939453e-05
1722,9.30000005610054358839988708496094e-05
1723,9.39999999900464899837970733642578e-05
1724,9.49999994190875440835952758789062e-05
1725,9.49999994190875440835952758789062e-05
1726,9.49999994190875440835952758789062e-05
1727,9.29999996515107341110706329345703e-05
1728,8.39999993331730365753173828125000e-05
1729,8.29999999041319824755191802978516e-05
1730,8.49999996717087924480438232421875e-05
1731,8.39999993331730365753173828125000e-05
1732,8.40000002426677383482456207275391e-05
1733,8.50000005812034942209720611572266e-05
1734,8.29999999041319824755191802978516e-05
1735,8.50000005812034942209720611572266e-05
1736,8.30000008136266842484474182128906e-05
1737,8.29999999041319824755191802978516e-05
1738,8.39999993331730365753173828125000e-05
1739,8.10000001365551725029945373535156e-05
1740,8.40000002426677383482456207275391e-05
1741,8.70000003487803041934967041015625e-05
1742,8.60000000102445483207702636718750e-05
1743,8.29999999041319824755191802978516e-05
1744,8.40000002426677383482456207275391e-05
1745,8.50000005812034942209720611572266e-05
1746,8.19999995655962266027927398681641e-05
1747,8.29999999041319824755191802978516e-05
1748,8.40000002426677383482456207275391e-05
1749,8.40000002426677383482456207275391e-05
1750,8.29999999041319824755191802978516e-05
1751,8.19999995655962266027927398681641e-05
1752,8.39999993331730365753173828125000e-05
1753,8.40000002426677383482456207275391e-05
1754,8.60000000102445483207702636718750e-05
1755,8.49999996717087924480438232421875e-05
1756,8.29999999041319824755191802978516e-05
1757,8.70000003487803041934967041015625e-05
1758,9.10000007934286259114742279052734e-05
1759,9.50000003285822458565235137939453e-05
1760,1.01999999969848431646823883056641e-04
1761,9.59999997576232999563217163085938e-05
1762,9.50000003285822458565235137939453e-05
1763,9.59999997576232999563217163085938e-05
1764,9.49999994190875440835952758789062e-05
1765,9.79999995252001099288463592529297e-05
1766,9.70000000961590558290481567382812e-05
1767,9.70000000961590558290481567382812e-05
1768,9.70000000961590558290481567382812e-05
1769,9.89999998637358658015727996826172e-05
1770,9.50000003285822458565235137939453e-05
1771,9.80000004346948117017745971679688e-05
1772,9.59999997576232999563217163085938e-05
1773,9.09999998839339241385459899902344e-05
1774,8.60000000102445483207702636718750e-05
1775,8.60000000102445483207702636718750e-05
1776,8.49999996717087924480438232421875e-05
1777,8.60000000102445483207702636718750e-05
1778,8.49999996717087924480438232421875e-05
1779,8.60000000102445483207702636718750e-05
1780,8.50000005812034942209720611572266e-05
1781,8.60000000102445483207702636718750e-05
1782,8.60000000102445483207702636718750e-05
1783,8.60000000102445483207702636718750e-05
1784,8.60000000102445483207702636718750e-05
1785,8.60000000102445483207702636718750e-05
1786,8.49999996717087924480438232421875e-05
1787,8.50000005812034942209720611572266e-05
1788,8.40000002426677383482456207275391e-05
1789,8.60000000102445483207702636718750e-05
1790,8.79999997778213582932949066162109e-05
1791,8.49999996717087924480438232421875e-05
1792,8.79999997778213582932949066162109e-05
1793,8.60000000102445483207702636718750e-05
1794,8.50000005812034942209720611572266e-05
1795,8.39999993331730365753173828125000e-05
1796,8.79999997778213582932949066162109e-05
1797,8.40000002426677383482456207275391e-05
1798,8.60000000102445483207702636718750e-05
1799,8.49999996717087924480438232421875e-05
1800,8.49999996717087924480438232421875e-05
1801,8.49999996717087924480438232421875e-05
1802,8.99999995453981682658195495605469e-05
1803,9.29999996515107341110706329345703e-05
1804,9.70000000961590558290481567382812e-05
1805,9.79999995252001099288463592529297e-05
1806,1.00000000202271621674299240112305e-04
1807,1.00000000202271621674299240112305e-04
1808,1.00000000202271621674299240112305e-04
1809,1.00000000202271621674299240112305e-04
1810,1.03000000308384187519550323486328e-04
1811,1.03000000308384187519550323486328e-04
1812,1.01000000540807377547025680541992e-04
1813,1.00000000202271621674299240112305e-04
1814,1.00999999631312675774097442626953e-04
1815,9.79999995252001099288463592529297e-05
1816,9.89999998637358658015727996826172e-05
1817,9.60000006671180017292499542236328e-05
1818,9.09999998839339241385459899902344e-05
1819,8.79999997778213582932949066162109e-05
1820,8.99999995453981682658195495605469e-05
1821,8.80000006873160600662231445312500e-05
1822,8.90000001163571141660213470458984e-05
1823,8.80000006873160600662231445312500e-05
1824,8.90000001163571141660213470458984e-05
1825,9.10000007934286259114742279052734e-05
1826,8.79999997778213582932949066162109e-05
1827,8.90000001163571141660213470458984e-05
1828,8.69999994392856024205684661865234e-05
1829,8.89999992068624123930931091308594e-05
1830,8.69999994392856024205684661865234e-05
1831,8.79999997778213582932949066162109e-05
1832,8.70000003487803041934967041015625e-05
1833,8.90000001163571141660213470458984e-05
1834,8.90000001163571141660213470458984e-05
1835,8.70000003487803041934967041015625e-05
1836,8.90000001163571141660213470458984e-05
1837,8.90000001163571141660213470458984e-05
1838,8.70000003487803041934967041015625e-05
1839,8.79999997778213582932949066162109e-05
1840,8.90000001163571141660213470458984e-05
1841,8.79999997778213582932949066162109e-05
1842,8.90000001163571141660213470458984e-05
1843,8.80000006873160600662231445312500e-05
1844,8.79999997778213582932949066162109e-05
1845,8.90000001163571141660213470458984e-05
1846,9.59999997576232999563217163085938e-05
1847,1.01000000540807377547025680541992e-04
1848,1.00999999631312675774097442626953e-04
1849,1.03999999737425241619348526000977e-04
1850,1.02999999398889485746622085571289e-04
1851,1.00999999631312675774097442626953e-04
1852,1.00000000202271621674299240112305e-04
1853,1.00000000202271621674299240112305e-04
1854,1.01999999969848431646823883056641e-04
1855,1.00999999631312675774097442626953e-04
1856,1.01999999969848431646823883056641e-04
1857,1.00000000202271621674299240112305e-04
1858,1.03999999737425241619348526000977e-04
1859,1.03999999737425241619348526000977e-04
1860,1.03000000308384187519550323486328e-04
1861,9.30000005610054358839988708496094e-05
1862,9.19999993129749782383441925048828e-05
1863,9.00000004548928700387477874755859e-05
1864,8.90000001163571141660213470458984e-05
1865,9.09999998839339241385459899902344e-05
1866,9.39999999900464899837970733642578e-05
1867,8.89999992068624123930931091308594e-05
1868,9.10000007934286259114742279052734e-05
1869,9.00000004548928700387477874755859e-05
1870,9.00000004548928700387477874755859e-05
1871,8.99999995453981682658195495605469e-05
1872,9.39999999900464899837970733642578e-05
1873,9.00000004548928700387477874755859e-05
1874,8.99999995453981682658195495605469e-05
1875,9.19999993129749782383441925048828e-05
1876,8.90000001163571141660213470458984e-05
1877,9.00000004548928700387477874755859e-05
1878,9.09999998839339241385459899902344e-05
1879,9.19999993129749782383441925048828e-05
1880,9.20000002224696800112724304199219e-05
1881,9.09999998839339241385459899902344e-05
1882,9.00000004548928700387477874755859e-05
1883,9.00000004548928700387477874755859e-05
1884,8.90000001163571141660213470458984e-05
1885,9.10000007934286259114742279052734e-05
1886,9.09999998839339241385459899902344e-05
1887,9.09999998839339241385459899902344e-05
1888,9.59999997576232999563217163085938e-05
1889,1.01999999969848431646823883056641e-04
1890,1.03999999737425241619348526000977e-04
1891,1.03999999737425241619348526000977e-04
1892,1.02999999398889485746622085571289e-04
1893,1.02999999398889485746622085571289e-04
1894,1.03999999737425241619348526000977e-04
1895,1.03000000308384187519550323486328e-04
1896,1.05000000075960997492074966430664e-04
1897,1.03000000308384187519550323486328e-04
1898,1.03000000308384187519550323486328e-04
1899,1.03000000308384187519550323486328e-04
1900,1.06999999843537807464599609375000e-04
1901,1.03000000308384187519550323486328e-04
1902,1.03000000308384187519550323486328e-04
1903,9.39999999900464899837970733642578e-05
1904,9.29999996515107341110706329345703e-05
1905,9.39999999900464899837970733642578e-05
1906,9.39999999900464899837970733642578e-05
1907,9.29999996515107341110706329345703e-05
1908,9.20000002224696800112724304199219e-05
1909,9.09999998839339241385459899902344e-05
1910,9.20000002224696800112724304199219e-05
1911,9.20000002224696800112724304199219e-05
1912,9.39999999900464899837970733642578e-05
1913,9.09999998839339241385459899902344e-05
1914,9.39999999900464899837970733642578e-05
1915,9.30000005610054358839988708496094e-05
1916,9.20000002224696800112724304199219e-05
1917,9.60000006671180017292499542236328e-05
1918,9.20000002224696800112724304199219e-05
1919,9.20000002224696800112724304199219e-05
1920,9.20000002224696800112724304199219e-05
1921,9.19999993129749782383441925048828e-05
1922,9.30000005610054358839988708496094e-05
1923,9.59999997576232999563217163085938e-05
1924,9.09999998839339241385459899902344e-05
1925,9.20000002224696800112724304199219e-05
1926,9.20000002224696800112724304199219e-05
1927,9.09999998839339241385459899902344e-05
1928,9.29999996515107341110706329345703e-05
1929,9.39999999900464899837970733642578e-05
1930,1.00999999631312675774097442626953e-04
1931,1.07000000753032509237527847290039e-04
1932,1.08999999611114617437124252319336e-04
1933,1.05999999505002051591873168945312e-04
1934,1.11000000288186129182577133178711e-04
1935,1.05000000075960997492074966430664e-04
1936,1.05999999505002051591873168945312e-04
1937,1.06000000414496753364801406860352e-04
1938,1.06999999843537807464599609375000e-04
1939,1.08000000182073563337326049804688e-04
1940,1.04000000646919943392276763916016e-04
1941,1.06999999843537807464599609375000e-04
1942,1.05000000075960997492074966430664e-04
1943,1.05000000075960997492074966430664e-04
1944,9.89999998637358658015727996826172e-05
1945,9.50000003285822458565235137939453e-05
1946,9.59999997576232999563217163085938e-05
1947,9.39999999900464899837970733642578e-05
1948,9.39999999900464899837970733642578e-05
1949,9.20000002224696800112724304199219e-05
1950,9.39999999900464899837970733642578e-05
1951,9.30000005610054358839988708496094e-05
1952,9.29999996515107341110706329345703e-05
1953,9.49999994190875440835952758789062e-05
1954,9.29999996515107341110706329345703e-05
1955,9.09999998839339241385459899902344e-05
1956,1.00999999631312675774097442626953e-04
1957,9.39999999900464899837970733642578e-05
1958,9.29999996515107341110706329345703e-05
1959,9.20000002224696800112724304199219e-05
1960,9.39999999900464899837970733642578e-05
1961,9.50000003285822458565235137939453e-05
1962,9.60000006671180017292499542236328e-05
1963,9.39999999900464899837970733642578e-05
1964,9.30000005610054358839988708496094e-05
1965,9.59999997576232999563217163085938e-05
1966,9.29999996515107341110706329345703e-05
1967,9.70000000961590558290481567382812e-05
1968,9.30000005610054358839988708496094e-05
1969,9.50000003285822458565235137939453e-05
1970,9.59999997576232999563217163085938e-05
1971,1.01999999969848431646823883056641e-04
1972,1.06999999843537807464599609375000e-04
1973,1.09000000520609319210052490234375e-04
1974,1.11999999717227183282375335693359e-04
1975,1.08999999611114617437124252319336e-04
1976,1.10000000859145075082778930664062e-04
1977,1.06999999843537807464599609375000e-04
1978,1.06999999843537807464599609375000e-04
1979,1.08999999611114617437124252319336e-04
1980,1.08000000182073563337326049804688e-04
1981,1.09999999949650373309850692749023e-04
1982,1.08999999611114617437124252319336e-04
1983,1.09999999949650373309850692749023e-04
1984,1.03999999737425241619348526000977e-04
1985,9.90000007732305675745010375976562e-05
1986,9.70000000961590558290481567382812e-05
1987,9.59999997576232999563217163085938e-05
1988,9.89999998637358658015727996826172e-05
1989,9.70000000961590558290481567382812e-05
1990,9.59999997576232999563217163085938e-05
1991,9.50000003285822458565235137939453e-05
1992,9.50000003285822458565235137939453e-05
1993,9.60000006671180017292499542236328e-05
1994,9.70000000961590558290481567382812e-05
1995,9.59999997576232999563217163085938e-05
1996,9.50000003285822458565235137939453e-05
1997,9.60000006671180017292499542236328e-05
1998,9.50000003285822458565235137939453e-05
1999,9.89999998637358658015727996826172e-05
2000,9.59999997576232999563217163085938e-05
2001,9.50000003285822458565235137939453e-05
2002,9.59999997576232999563217163085938e-05
2003,9.70000000961590558290481567382812e-05
2004,9.50000003285822458565235137939453e-05
2005,9.80000004346948117017745971679688e-05
2006,9.59999997576232999563217163085938e-05
2007,9.70000000961590558290481567382812e-05
2008,9.59999997576232999563217163085938e-05
2009,9.70000000961590558290481567382812e-05
2010,9.70000000961590558290481567382812e-05
2011,1.06999999843537807464599609375000e-04
2012,1.12000000626721885055303573608398e-04
2013,1.09999999949650373309850692749023e-04
2014,1.09999999949650373309850692749023e-04
2015,1.08000000182073563337326049804688e-04
2016,1.12000000626721885055303573608398e-04
2017,1.13000000055762939155101776123047e-04
2018,1.14999999823339749127626419067383e-04
2019,1.11000000288186129182577133178711e-04
2020,1.10999999378691427409648895263672e-04
2021,1.09999999949650373309850692749023e-04
2022,1.11000000288186129182577133178711e-04
2023,1.12000000626721885055303573608398e-04
2024,1.03999999737425241619348526000977e-04
2025,1.00000000202271621674299240112305e-04
2026,9.80000004346948117017745971679688e-05
2027,9.70000000961590558290481567382812e-05
2028,9.79999995252001099288463592529297e-05
2029,9.89999998637358658015727996826172e-05
2030,1.00000000202271621674299240112305e-04
2031,1.00000000202271621674299240112305e-04
2032,9.89999998637358658015727996826172e-05
2033,9.70000000961590558290481567382812e-05
2034,9.70000000961590558290481567382812e-05
2035,1.00000000202271621674299240112305e-04
2036,9.80000004346948117017745971679688e-05
2037,9.89999998637358658015727996826172e-05
2038,9.70000000961590558290481567382812e-05
2039,9.80000004346948117017745971679688e-05
2040,9.80000004346948117017745971679688e-05
2041,9.89999998637358658015727996826172e-05
2042,9.89999998637358658015727996826172e-05
2043,9.79999995252001099288463592529297e-05
2044,9.70000000961590558290481567382812e-05
2045,9.70000000961590558290481567382812e-05
2046,9.89999998637358658015727996826172e-05
2047,9.70000000961590558290481567382812e-05
2048,9.80000004346948117017745971679688e-05
2049,9.89999998637358658015727996826172e-05
2050,1.06999999843537807464599609375000e-04
2051,1.09999999949650373309850692749023e-04
2052,1.11999999717227183282375335693359e-04
2053,1.13000000055762939155101776123047e-04
2054,1.11999999717227183282375335693359e-04
2055,1.11999999717227183282375335693359e-04
2056,1.10999999378691427409648895263672e-04
2057,1.14000000394298695027828216552734e-04
2058,1.11000000288186129182577133178711e-04
2059,1.14000000394298695027828216552734e-04
2060,1.13000000055762939155101776123047e-04
2061,1.12000000626721885055303573608398e-04
2062,1.12999999146268237382173538208008e-04
2063,1.06999999843537807464599609375000e-04
2064,1.00999999631312675774097442626953e-04
2065,1.00000000202271621674299240112305e-04
2066,1.00000000202271621674299240112305e-04
2067,1.00999999631312675774097442626953e-04
2068,1.00999999631312675774097442626953e-04
2069,9.79999995252001099288463592529297e-05
2070,9.89999998637358658015727996826172e-05
2071,9.89999998637358658015727996826172e-05
2072,9.79999995252001099288463592529297e-05
2073,1.01999999969848431646823883056641e-04
2074,1.00000000202271621674299240112305e-04
2075,1.00000000202271621674299240112305e-04
2076,9.89999998637358658015727996826172e-05
2077,9.99999992927769199013710021972656e-05
2078,1.00999999631312675774097442626953e-04
2079,9.99999992927769199013710021972656e-05
2080,9.99999992927769199013710021972656e-05
2081,1.00000000202271621674299240112305e-04
2082,1.01999999969848431646823883056641e-04
2083,9.89999998637358658015727996826172e-05
2084,9.89999998637358658015727996826172e-05
2085,1.00000000202271621674299240112305e-04
2086,9.89999998637358658015727996826172e-05
2087,1.00999999631312675774097442626953e-04
2088,1.09999999949650373309850692749023e-04
2089,1.11999999717227183282375335693359e-04
2090,1.14000000394298695027828216552734e-04
2091,1.16000000161875505000352859497070e-04
2092,1.15000000732834450900554656982422e-04
2093,1.13999999484803993254899978637695e-04
2094,1.16999999590916559100151062011719e-04
2095,1.14999999823339749127626419067383e-04
2096,1.16000000161875505000352859497070e-04
2097,1.16999999590916559100151062011719e-04
2098,1.16000000161875505000352859497070e-04
2099,1.14000000394298695027828216552734e-04
2100,1.16999999590916559100151062011719e-04
2101,1.07999999272578861564397811889648e-04
2102,1.01000000540807377547025680541992e-04
2103,1.05000000075960997492074966430664e-04
2104,1.03999999737425241619348526000977e-04
2105,1.02999999398889485746622085571289e-04
2106,1.03000000308384187519550323486328e-04
2107,1.04000000646919943392276763916016e-04
2108,1.03000000308384187519550323486328e-04
2109,1.03000000308384187519550323486328e-04
2110,1.01000000540807377547025680541992e-04
2111,1.00999999631312675774097442626953e-04
2112,1.00000000202271621674299240112305e-04
2113,1.01999999969848431646823883056641e-04
2114,1.05000000075960997492074966430664e-04
2115,1.02999999398889485746622085571289e-04
2116,9.99999992927769199013710021972656e-05
2117,1.01999999969848431646823883056641e-04
2118,1.01999999969848431646823883056641e-04
2119,1.03999999737425241619348526000977e-04
2120,1.00999999631312675774097442626953e-04
2121,1.02999999398889485746622085571289e-04
2122,1.01000000540807377547025680541992e-04
2123,1.03000000308384187519550323486328e-04
2124,1.03000000308384187519550323486328e-04
2125,1.02999999398889485746622085571289e-04
2126,1.11999999717227183282375335693359e-04
2127,1.13000000055762939155101776123047e-04
2128,1.20000000606523826718330383300781e-04
2129,1.22999999803141690790653228759766e-04
2130,1.19000000267988070845603942871094e-04
2131,1.16999999590916559100151062011719e-04
2132,1.16000000161875505000352859497070e-04
2133,1.21000000035564880818128585815430e-04
2134,1.22000000374100636690855026245117e-04
2135,1.16000000161875505000352859497070e-04
2136,1.17999999929452314972877502441406e-04
2137,1.19000000267988070845603942871094e-04
2138,1.14999999823339749127626419067383e-04
2139,1.10999999378691427409648895263672e-04
2140,1.04000000646919943392276763916016e-04
2141,1.01999999969848431646823883056641e-04
2142,1.00999999631312675774097442626953e-04
2143,1.05000000075960997492074966430664e-04
2144,1.06000000414496753364801406860352e-04
2145,1.02999999398889485746622085571289e-04
2146,1.03000000308384187519550323486328e-04
2147,1.03000000308384187519550323486328e-04
2148,1.05000000075960997492074966430664e-04
2149,1.03999999737425241619348526000977e-04
2150,1.06000000414496753364801406860352e-04
2151,1.03999999737425241619348526000977e-04
2152,1.03000000308384187519550323486328e-04
2153,1.01999999969848431646823883056641e-04
2154,1.02999999398889485746622085571289e-04
2155,1.02999999398889485746622085571289e-04
2156,1.03999999737425241619348526000977e-04
2157,1.03999999737425241619348526000977e-04
2158,1.03000000308384187519550323486328e-04
2159,1.05000000075960997492074966430664e-04
2160,1.04000000646919943392276763916016e-04
2161,1.02999999398889485746622085571289e-04
2162,1.03000000308384187519550323486328e-04
2163,1.13000000055762939155101776123047e-04
2164,1.16000000161875505000352859497070e-04
2165,1.19999999697029124945402145385742e-04
2166,1.19999999697029124945402145385742e-04
2167,1.21000000035564880818128585815430e-04
2168,1.20000000606523826718330383300781e-04
2169,1.22999999803141690790653228759766e-04
2170,1.16999999590916559100151062011719e-04
2171,1.16999999590916559100151062011719e-04
2172,1.17000000500411260873079299926758e-04
2173,1.17999999929452314972877502441406e-04
2174,1.22999999803141690790653228759766e-04
2175,1.13999999484803993254899978637695e-04
2176,1.05999999505002051591873168945312e-04
2177,1.06999999843537807464599609375000e-04
2178,1.06999999843537807464599609375000e-04
2179,1.10000000859145075082778930664062e-04
2180,1.06999999843537807464599609375000e-04
2181,1.05999999505002051591873168945312e-04
2182,1.05999999505002051591873168945312e-04
2183,1.05999999505002051591873168945312e-04
2184,1.09999999949650373309850692749023e-04
2185,1.05000000075960997492074966430664e-04
2186,1.03999999737425241619348526000977e-04
2187,1.05999999505002051591873168945312e-04
2188,1.05000000075960997492074966430664e-04
2189,1.08000000182073563337326049804688e-04
2190,1.08000000182073563337326049804688e-04
2191,1.05999999505002051591873168945312e-04
2192,1.06999999843537807464599609375000e-04
2193,1.07000000753032509237527847290039e-04
2194,1.09000000520609319210052490234375e-04
2195,1.06999999843537807464599609375000e-04
2196,1.06000000414496753364801406860352e-04
2197,1.07000000753032509237527847290039e-04
2198,1.07999999272578861564397811889648e-04
2199,1.11999999717227183282375335693359e-04
2200,1.13000000055762939155101776123047e-04
2201,1.22000000374100636690855026245117e-04
2202,1.22000000374100636690855026245117e-04
2203,1.21999999464605934917926788330078e-04
2204,1.21000000035564880818128585815430e-04
2205,1.19999999697029124945402145385742e-04
2206,1.21000000035564880818128585815430e-04
2207,1.22999999803141690790653228759766e-04
2208,1.22999999803141690790653228759766e-04
2209,1.21000000035564880818128585815430e-04
2210,1.22000000374100636690855026245117e-04
2211,1.22000000374100636690855026245117e-04
2212,1.10999999378691427409648895263672e-04
2213,1.08000000182073563337326049804688e-04
2214,1.08000000182073563337326049804688e-04
2215,1.07000000753032509237527847290039e-04
2216,1.07000000753032509237527847290039e-04
2217,1.06000000414496753364801406860352e-04
2218,1.06999999843537807464599609375000e-04
2219,1.06999999843537807464599609375000e-04
2220,1.06000000414496753364801406860352e-04
2221,1.06999999843537807464599609375000e-04
2222,1.06000000414496753364801406860352e-04
2223,1.05999999505002051591873168945312e-04
2224,1.09000000520609319210052490234375e-04
2225,1.06000000414496753364801406860352e-04
2226,1.08000000182073563337326049804688e-04
2227,1.05000000075960997492074966430664e-04
2228,1.05999999505002051591873168945312e-04
2229,1.07999999272578861564397811889648e-04
2230,1.06999999843537807464599609375000e-04
2231,1.09000000520609319210052490234375e-04
2232,1.06000000414496753364801406860352e-04
2233,1.09000000520609319210052490234375e-04
2234,1.08999999611114617437124252319336e-04
2235,1.16999999590916559100151062011719e-04
2236,1.19000000267988070845603942871094e-04
2237,1.23000000712636392563581466674805e-04
2238,1.21999999464605934917926788330078e-04
2239,1.22999999803141690790653228759766e-04
2240,1.24999999570718500763177871704102e-04
2241,1.22999999803141690790653228759766e-04
2242,1.24999999570718500763177871704102e-04
2243,1.27000000247790012508630752563477e-04
2244,1.25999999909254256635904312133789e-04
2245,1.25999999909254256635904312133789e-04
2246,1.25999999909254256635904312133789e-04
2247,1.20000000606523826718330383300781e-04
2248,1.11000000288186129182577133178711e-04
2249,1.11000000288186129182577133178711e-04
2250,1.09999999949650373309850692749023e-04
2251,1.13999999484803993254899978637695e-04
2252,1.06999999843537807464599609375000e-04
2253,1.09999999949650373309850692749023e-04
2254,1.09000000520609319210052490234375e-04
2255,1.08999999611114617437124252319336e-04
2256,1.11999999717227183282375335693359e-04
2257,1.09999999949650373309850692749023e-04
2258,1.08000000182073563337326049804688e-04
2259,1.08999999611114617437124252319336e-04
2260,1.06999999843537807464599609375000e-04
2261,1.11999999717227183282375335693359e-04
2262,1.09999999949650373309850692749023e-04
2263,1.06999999843537807464599609375000e-04
2264,1.07999999272578861564397811889648e-04
2265,1.06999999843537807464599609375000e-04
2266,1.08999999611114617437124252319336e-04
2267,1.09999999949650373309850692749023e-04
2268,1.09000000520609319210052490234375e-04
2269,1.09000000520609319210052490234375e-04
2270,1.14000000394298695027828216552734e-04
2271,1.21000000035564880818128585815430e-04
2272,1.24000000141677446663379669189453e-04
2273,1.27999999676831066608428955078125e-04
2274,1.24000000141677446663379669189453e-04
2275,1.29999999444407876580953598022461e-04
2276,1.24999999570718500763177871704102e-04
2277,1.29000000015366822481155395507812e-04
2278,1.25999999909254256635904312133789e-04
2279,1.27000000247790012508630752563477e-04
2280,1.27000000247790012508630752563477e-04
2281,1.25999999909254256635904312133789e-04
2282,1.24000000141677446663379669189453e-04
2283,1.14999999823339749127626419067383e-04
2284,1.15999999252380803227424621582031e-04
2285,1.11999999717227183282375335693359e-04
2286,1.08999999611114617437124252319336e-04
2287,1.13000000055762939155101776123047e-04
2288,1.08999999611114617437124252319336e-04
2289,1.14000000394298695027828216552734e-04
2290,1.11999999717227183282375335693359e-04
2291,1.11999999717227183282375335693359e-04
2292,1.11000000288186129182577133178711e-04
2293,1.09999999949650373309850692749023e-04
2294,1.15000000732834450900554656982422e-04
2295,1.08999999611114617437124252319336e-04
2296,1.11999999717227183282375335693359e-04
2297,1.11999999717227183282375335693359e-04
2298,1.08000000182073563337326049804688e-04
2299,1.11000000288186129182577133178711e-04
2300,1.09999999949650373309850692749023e-04
2301,1.13000000055762939155101776123047e-04
2302,1.09999999949650373309850692749023e-04
2303,1.12000000626721885055303573608398e-04
2304,1.11999999717227183282375335693359e-04
2305,1.19999999697029124945402145385742e-04
2306,1.23000000712636392563581466674805e-04
2307,1.27999999676831066608428955078125e-04
2308,1.29999999444407876580953598022461e-04
2309,1.29000000015366822481155395507812e-04
2310,1.28000000586325768381357192993164e-04
2311,1.29000000015366822481155395507812e-04
2312,1.24999999570718500763177871704102e-04
2313,1.28000000586325768381357192993164e-04
2314,1.27999999676831066608428955078125e-04
2315,1.29000000015366822481155395507812e-04
2316,1.26000000818748958408832550048828e-04
2317,1.21000000035564880818128585815430e-04
2318,1.16999999590916559100151062011719e-04
2319,1.13999999484803993254899978637695e-04
2320,1.14999999823339749127626419067383e-04
2321,1.11999999717227183282375335693359e-04
2322,1.13000000055762939155101776123047e-04
2323,1.13000000055762939155101776123047e-04
2324,1.11999999717227183282375335693359e-04
2325,1.14999999823339749127626419067383e-04
2326,1.13000000055762939155101776123047e-04
2327,1.12000000626721885055303573608398e-04
2328,1.14000000394298695027828216552734e-04
2329,1.13000000055762939155101776123047e-04
2330,1.13000000055762939155101776123047e-04
2331,1.16000000161875505000352859497070e-04
2332,1.13999999484803993254899978637695e-04
2333,1.14000000394298695027828216552734e-04
2334,1.15999999252380803227424621582031e-04
2335,1.14000000394298695027828216552734e-04
2336,1.13000000055762939155101776123047e-04
2337,1.13000000055762939155101776123047e-04
2338,1.14999999823339749127626419067383e-04
2339,1.21000000035564880818128585815430e-04
2340,1.27999999676831066608428955078125e-04
2341,1.29999999444407876580953598022461e-04
2342,1.28000000586325768381357192993164e-04
2343,1.27999999676831066608428955078125e-04
2344,1.29000000015366822481155395507812e-04
2345,1.29000000015366822481155395507812e-04
2346,1.30999999782943632453680038452148e-04
2347,1.30999999782943632453680038452148e-04
2348,1.29000000015366822481155395507812e-04
2349,1.33000000460015144199132919311523e-04
2350,1.29000000015366822481155395507812e-04
2351,1.20000000606523826718330383300781e-04
2352,1.17999999929452314972877502441406e-04
2353,1.16000000161875505000352859497070e-04
2354,1.14999999823339749127626419067383e-04
2355,1.13000000055762939155101776123047e-04
2356,1.11999999717227183282375335693359e-04
2357,1.14000000394298695027828216552734e-04
2358,1.14999999823339749127626419067383e-04
2359,1.13000000055762939155101776123047e-04
2360,1.13000000055762939155101776123047e-04
2361,1.13999999484803993254899978637695e-04
2362,1.13999999484803993254899978637695e-04
2363,1.17999999929452314972877502441406e-04
2364,1.13999999484803993254899978637695e-04
2365,1.14000000394298695027828216552734e-04
2366,1.13999999484803993254899978637695e-04
2367,1.13000000055762939155101776123047e-04
2368,1.14000000394298695027828216552734e-04
2369,1.14999999823339749127626419067383e-04
2370,1.13000000055762939155101776123047e-04
2371,1.14000000394298695027828216552734e-04
2372,1.17000000500411260873079299926758e-04
2373,1.24000000141677446663379669189453e-04
2374,1.30000000353902578353881835937500e-04
2375,1.32000000121479388326406478881836e-04
2376,1.30999999782943632453680038452148e-04
2377,1.30999999782943632453680038452148e-04
2378,1.32000000121479388326406478881836e-04
2379,1.33999999889056198298931121826172e-04
2380,1.32999999550520442426204681396484e-04
2381,1.35000000227591954171657562255859e-04
2382,1.30000000353902578353881835937500e-04
2383,1.30000000353902578353881835937500e-04
2384,1.25999999909254256635904312133789e-04
2385,1.21000000035564880818128585815430e-04
2386,1.16000000161875505000352859497070e-04
2387,1.16999999590916559100151062011719e-04
2388,1.17999999929452314972877502441406e-04
2389,1.16000000161875505000352859497070e-04
2390,1.17999999929452314972877502441406e-04
2391,1.14999999823339749127626419067383e-04
2392,1.17000000500411260873079299926758e-04
2393,1.14000000394298695027828216552734e-04
2394,1.16000000161875505000352859497070e-04
2395,1.16999999590916559100151062011719e-04
2396,1.17000000500411260873079299926758e-04
2397,1.17000000500411260873079299926758e-04
2398,1.14999999823339749127626419067383e-04
2399,1.18999999358493369072675704956055e-04
2400,1.16999999590916559100151062011719e-04
2401,1.18000000838947016745805740356445e-04
2402,1.17999999929452314972877502441406e-04
2403,1.16000000161875505000352859497070e-04
2404,1.16000000161875505000352859497070e-04
2405,1.15999999252380803227424621582031e-04
2406,1.22999999803141690790653228759766e-04
2407,1.30999999782943632453680038452148e-04
2408,1.35000000227591954171657562255859e-04
2409,1.33999999889056198298931121826172e-04
2410,1.33999999889056198298931121826172e-04
2411,1.32999999550520442426204681396484e-04
2412,1.37999999424209818243980407714844e-04
2413,1.32999999550520442426204681396484e-04
2414,1.32000000121479388326406478881836e-04
2415,1.36999999995168764144182205200195e-04
2416,1.35999999656633008271455764770508e-04
2417,1.30999999782943632453680038452148e-04
2418,1.17999999929452314972877502441406e-04
2419,1.18999999358493369072675704956055e-04
2420,1.16999999590916559100151062011719e-04
2421,1.22000000374100636690855026245117e-04
2422,1.17999999929452314972877502441406e-04
2423,1.16000000161875505000352859497070e-04
2424,1.16999999590916559100151062011719e-04
2425,1.19000000267988070845603942871094e-04
2426,1.17999999929452314972877502441406e-04
2427,1.19000000267988070845603942871094e-04
2428,1.17999999929452314972877502441406e-04
2429,1.18000000838947016745805740356445e-04
2430,1.19999999697029124945402145385742e-04
2431,1.17000000500411260873079299926758e-04
2432,1.17000000500411260873079299926758e-04
2433,1.16999999590916559100151062011719e-04
2434,1.17999999929452314972877502441406e-04
2435,1.17999999929452314972877502441406e-04
2436,1.16999999590916559100151062011719e-04
2437,1.18999999358493369072675704956055e-04
2438,1.18000000838947016745805740356445e-04
2439,1.27999999676831066608428955078125e-04
2440,1.28000000586325768381357192993164e-04
2441,1.32999999550520442426204681396484e-04
2442,1.36999999995168764144182205200195e-04
2443,1.34999999318097252398729324340820e-04
2444,1.35000000227591954171657562255859e-04
2445,1.35000000227591954171657562255859e-04
2446,1.35000000227591954171657562255859e-04
2447,1.35000000227591954171657562255859e-04
2448,1.33000000460015144199132919311523e-04
2449,1.32000000121479388326406478881836e-04
2450,1.29000000015366822481155395507812e-04
2451,1.23999999232182744890451431274414e-04
2452,1.17999999929452314972877502441406e-04
2453,1.18999999358493369072675704956055e-04
2454,1.17999999929452314972877502441406e-04
2455,1.16999999590916559100151062011719e-04
2456,1.24000000141677446663379669189453e-04
2457,1.18999999358493369072675704956055e-04
2458,1.19000000267988070845603942871094e-04
2459,1.19000000267988070845603942871094e-04
2460,1.19999999697029124945402145385742e-04
2461,1.16999999590916559100151062011719e-04
2462,1.17999999929452314972877502441406e-04
2463,1.19999999697029124945402145385742e-04
2464,1.17999999929452314972877502441406e-04
2465,1.21999999464605934917926788330078e-04
2466,1.17999999929452314972877502441406e-04
2467,1.16000000161875505000352859497070e-04
2468,1.20000000606523826718330383300781e-04
2469,1.17999999929452314972877502441406e-04
2470,1.21000000035564880818128585815430e-04
2471,1.25000000480213202536106109619141e-04
2472,1.30000000353902578353881835937500e-04
2473,1.39000000672240275889635086059570e-04
2474,1.37999999424209818243980407714844e-04
2475,1.38000000333704520016908645629883e-04
2476,1.36999999995168764144182205200195e-04
2477,1.36000000566127710044384002685547e-04
2478,1.40000000101281329989433288574219e-04
2479,1.36999999995168764144182205200195e-04
2480,1.36999999995168764144182205200195e-04
2481,1.36000000566127710044384002685547e-04
2482,1.37999999424209818243980407714844e-04
2483,1.25999999909254256635904312133789e-04
2484,1.24000000141677446663379669189453e-04
2485,1.22000000374100636690855026245117e-04
2486,1.21000000035564880818128585815430e-04
2487,1.22000000374100636690855026245117e-04
2488,1.19000000267988070845603942871094e-04
2489,1.20000000606523826718330383300781e-04
2490,1.22999999803141690790653228759766e-04
2491,1.22999999803141690790653228759766e-04
2492,1.17999999929452314972877502441406e-04
2493,1.22000000374100636690855026245117e-04
2494,1.22000000374100636690855026245117e-04
2495,1.17999999929452314972877502441406e-04
2496,1.21000000035564880818128585815430e-04
2497,1.19999999697029124945402145385742e-04
2498,1.21000000035564880818128585815430e-04
2499,1.19999999697029124945402145385742e-04
2500,1.24000000141677446663379669189453e-04
2501,1.19000000267988070845603942871094e-04
2502,1.22000000374100636690855026245117e-04
2503,1.17999999929452314972877502441406e-04
2504,1.38000000333704520016908645629883e-04
2505,1.35000000227591954171657562255859e-04
2506,1.36999999995168764144182205200195e-04
2507,1.41999999868858139961957931518555e-04
2508,1.44999999974970705807209014892578e-04
2509,1.38999999762745574116706848144531e-04
2510,1.38999999762745574116706848144531e-04
2511,1.38000000333704520016908645629883e-04
2512,1.44000000545929651707410812377930e-04
2513,1.40999999530322384089231491088867e-04
2514,1.38999999762745574116706848144531e-04
2515,1.29000000015366822481155395507812e-04
2516,1.23000000712636392563581466674805e-04
2517,1.24999999570718500763177871704102e-04
2518,1.22999999803141690790653228759766e-04
2519,1.21000000035564880818128585815430e-04
2520,1.21000000035564880818128585815430e-04
2521,1.21999999464605934917926788330078e-04
2522,1.20000000606523826718330383300781e-04
2523,1.22999999803141690790653228759766e-04
2524,1.21999999464605934917926788330078e-04
2525,1.24000000141677446663379669189453e-04
2526,1.21999999464605934917926788330078e-04
2527,1.22000000374100636690855026245117e-04
2528,1.20000000606523826718330383300781e-04
2529,1.24000000141677446663379669189453e-04
2530,1.22000000374100636690855026245117e-04
2531,1.21000000035564880818128585815430e-04
2532,1.22999999803141690790653228759766e-04
2533,1.22000000374100636690855026245117e-04
2534,1.24000000141677446663379669189453e-04
2535,1.25999999909254256635904312133789e-04
2536,1.33999999889056198298931121826172e-04
2537,1.41000000439817085862159729003906e-04
2538,1.43999999636434949934482574462891e-04
2539,1.39000000672240275889635086059570e-04
2540,1.41000000439817085862159729003906e-04
2541,1.43000000207393895834684371948242e-04
2542,1.46000000313506461679935455322266e-04
2543,1.41000000439817085862159729003906e-04
2544,1.41000000439817085862159729003906e-04
2545,1.41000000439817085862159729003906e-04
2546,1.35999999656633008271455764770508e-04
2547,1.26999999338295310735702514648438e-04
2548,1.27999999676831066608428955078125e-04
2549,1.22999999803141690790653228759766e-04
2550,1.26000000818748958408832550048828e-04
2551,1.25999999909254256635904312133789e-04
2552,1.24999999570718500763177871704102e-04
2553,1.24999999570718500763177871704102e-04
2554,1.24000000141677446663379669189453e-04
2555,1.25999999909254256635904312133789e-04
2556,1.25999999909254256635904312133789e-04
2557,1.22999999803141690790653228759766e-04
2558,1.24000000141677446663379669189453e-04
2559,1.24999999570718500763177871704102e-04
2560,1.22999999803141690790653228759766e-04
2561,1.25999999909254256635904312133789e-04
2562,1.22999999803141690790653228759766e-04
2563,1.22999999803141690790653228759766e-04
2564,1.22999999803141690790653228759766e-04
2565,1.21000000035564880818128585815430e-04
2566,1.28000000586325768381357192993164e-04
2567,1.39000000672240275889635086059570e-04
2568,1.40999999530322384089231491088867e-04
2569,1.43000000207393895834684371948242e-04
2570,1.43000000207393895834684371948242e-04
2571,1.43000000207393895834684371948242e-04
2572,1.41999999868858139961957931518555e-04
2573,1.38999999762745574116706848144531e-04
2574,1.40999999530322384089231491088867e-04
2575,1.42000000778352841734886169433594e-04
2576,1.43000000207393895834684371948242e-04
2577,1.35999999656633008271455764770508e-04
2578,1.27999999676831066608428955078125e-04
2579,1.25000000480213202536106109619141e-04
2580,1.27000000247790012508630752563477e-04
2581,1.25999999909254256635904312133789e-04
2582,1.24999999570718500763177871704102e-04
2583,1.24000000141677446663379669189453e-04
2584,1.25000000480213202536106109619141e-04
2585,1.25999999909254256635904312133789e-04
2586,1.25999999909254256635904312133789e-04
2587,1.24999999570718500763177871704102e-04
2588,1.25999999909254256635904312133789e-04
2589,1.22999999803141690790653228759766e-04
2590,1.25999999909254256635904312133789e-04
2591,1.25999999909254256635904312133789e-04
2592,1.27999999676831066608428955078125e-04
2593,1.24000000141677446663379669189453e-04
2594,1.25999999909254256635904312133789e-04
2595,1.24000000141677446663379669189453e-04
2596,1.31000000692438334226608276367188e-04
2597,1.38999999762745574116706848144531e-04
2598,1.40000000101281329989433288574219e-04
2599,1.44999999974970705807209014892578e-04
2600,1.44999999974970705807209014892578e-04
2601,1.41999999868858139961957931518555e-04
2602,1.44000000545929651707410812377930e-04
2603,1.41999999868858139961957931518555e-04
2604,1.43999999636434949934482574462891e-04
2605,1.44999999974970705807209014892578e-04
2606,1.43000000207393895834684371948242e-04
2607,1.41000000439817085862159729003906e-04
2608,1.32000000121479388326406478881836e-04
2609,1.27999999676831066608428955078125e-04
2610,1.29000000015366822481155395507812e-04
2611,1.27999999676831066608428955078125e-04
2612,1.26999999338295310735702514648438e-04
2613,1.27999999676831066608428955078125e-04
2614,1.27999999676831066608428955078125e-04
2615,1.25999999909254256635904312133789e-04
2616,1.27000000247790012508630752563477e-04
2617,1.30000000353902578353881835937500e-04
2618,1.29000000015366822481155395507812e-04
2619,1.26999999338295310735702514648438e-04
2620,1.29000000015366822481155395507812e-04
2621,1.30000000353902578353881835937500e-04
2622,1.27999999676831066608428955078125e-04
2623,1.29000000015366822481155395507812e-04
2624,1.27000000247790012508630752563477e-04
2625,1.30000000353902578353881835937500e-04
2626,1.30999999782943632453680038452148e-04
2627,1.30999999782943632453680038452148e-04
2628,1.40000000101281329989433288574219e-04
2629,1.48000000081083271652460098266602e-04
2630,1.44000000545929651707410812377930e-04
2631,1.48999999510124325752258300781250e-04
2632,1.45999999404011759907007217407227e-04
2633,1.47999999171588569879531860351562e-04
2634,1.44999999974970705807209014892578e-04
2635,1.48000000081083271652460098266602e-04
2636,1.48999999510124325752258300781250e-04
2637,1.46999999742547515779733657836914e-04
2638,1.32000000121479388326406478881836e-04
2639,1.30999999782943632453680038452148e-04
2640,1.31000000692438334226608276367188e-04
2641,1.32000000121479388326406478881836e-04
2642,1.27999999676831066608428955078125e-04
2643,1.27000000247790012508630752563477e-04
2644,1.30000000353902578353881835937500e-04
2645,1.29999999444407876580953598022461e-04
2646,1.28000000586325768381357192993164e-04
2647,1.25999999909254256635904312133789e-04
2648,1.25999999909254256635904312133789e-04
2649,1.29000000015366822481155395507812e-04
2650,1.27999999676831066608428955078125e-04
2651,1.29000000015366822481155395507812e-04
2652,1.29999999444407876580953598022461e-04
2653,1.30999999782943632453680038452148e-04
2654,1.30000000353902578353881835937500e-04
2655,1.27000000247790012508630752563477e-04
2656,1.30000000353902578353881835937500e-04
2657,1.29000000015366822481155395507812e-04
2658,1.48000000081083271652460098266602e-04
2659,1.44000000545929651707410812377930e-04
2660,1.52000000525731593370437622070312e-04
2661,1.48000000081083271652460098266602e-04
2662,1.46000000313506461679935455322266e-04
2663,1.44999999974970705807209014892578e-04
2664,1.46999999742547515779733657836914e-04
2665,1.48000000081083271652460098266602e-04
2666,1.48000000081083271652460098266602e-04
2667,1.49000000419619027525186538696289e-04
2668,1.36000000566127710044384002685547e-04
2669,1.33999999889056198298931121826172e-04
2670,1.29000000015366822481155395507812e-04
2671,1.33999999889056198298931121826172e-04
2672,1.29000000015366822481155395507812e-04
2673,1.29999999444407876580953598022461e-04
2674,1.27999999676831066608428955078125e-04
2675,1.29999999444407876580953598022461e-04
2676,1.29999999444407876580953598022461e-04
2677,1.30999999782943632453680038452148e-04
2678,1.29000000015366822481155395507812e-04
2679,1.30999999782943632453680038452148e-04
2680,1.29999999444407876580953598022461e-04
2681,1.29000000015366822481155395507812e-04
2682,1.30000000353902578353881835937500e-04
2683,1.29000000015366822481155395507812e-04
2684,1.29000000015366822481155395507812e-04
2685,1.29999999444407876580953598022461e-04
2686,1.33000000460015144199132919311523e-04
2687,1.35000000227591954171657562255859e-04
2688,1.43000000207393895834684371948242e-04
2689,1.49999999848660081624984741210938e-04
2690,1.49000000419619027525186538696289e-04
2691,1.51000000187195837497711181640625e-04
2692,1.49999999848660081624984741210938e-04
2693,1.48999999510124325752258300781250e-04
2694,1.51000000187195837497711181640625e-04
2695,1.50000000758154783397912979125977e-04
2696,1.49000000419619027525186538696289e-04
2697,1.52000000525731593370437622070312e-04
2698,1.36000000566127710044384002685547e-04
2699,1.32000000121479388326406478881836e-04
2700,1.33999999889056198298931121826172e-04
2701,1.35000000227591954171657562255859e-04
2702,1.27999999676831066608428955078125e-04
2703,1.33999999889056198298931121826172e-04
2704,1.30000000353902578353881835937500e-04
2705,1.30000000353902578353881835937500e-04
2706,1.32000000121479388326406478881836e-04
2707,1.32999999550520442426204681396484e-04
2708,1.32000000121479388326406478881836e-04
2709,1.33999999889056198298931121826172e-04
2710,1.34999999318097252398729324340820e-04
2711,1.29999999444407876580953598022461e-04
2712,1.30999999782943632453680038452148e-04
2713,1.35999999656633008271455764770508e-04
2714,1.30999999782943632453680038452148e-04
2715,1.30999999782943632453680038452148e-04
2716,1.33000000460015144199132919311523e-04
2717,1.41999999868858139961957931518555e-04
2718,1.49000000419619027525186538696289e-04
2719,1.51999999616236891597509384155273e-04
2720,1.48000000081083271652460098266602e-04
2721,1.54999999722349457442760467529297e-04
2722,1.51999999616236891597509384155273e-04
2723,1.57000000399420969188213348388672e-04
2724,1.54000000293308403342962265014648e-04
2725,1.53000000864267349243164062500000e-04
2726,1.48000000081083271652460098266602e-04
2727,1.36999999995168764144182205200195e-04
2728,1.35999999656633008271455764770508e-04
2729,1.34999999318097252398729324340820e-04
2730,1.32000000121479388326406478881836e-04
2731,1.32000000121479388326406478881836e-04
2732,1.33000000460015144199132919311523e-04
2733,1.33999999889056198298931121826172e-04
2734,1.33999999889056198298931121826172e-04
2735,1.33999999889056198298931121826172e-04
2736,1.32999999550520442426204681396484e-04
2737,1.32000000121479388326406478881836e-04
2738,1.35000000227591954171657562255859e-04
2739,1.30999999782943632453680038452148e-04
2740,1.32999999550520442426204681396484e-04
2741,1.32000000121479388326406478881836e-04
2742,1.33000000460015144199132919311523e-04
2743,1.33999999889056198298931121826172e-04
2744,1.33000000460015144199132919311523e-04
2745,1.32999999550520442426204681396484e-04
2746,1.44000000545929651707410812377930e-04
2747,1.49999999848660081624984741210938e-04
2748,1.51000000187195837497711181640625e-04
2749,1.52000000525731593370437622070312e-04
2750,1.49000000419619027525186538696289e-04
2751,1.51000000187195837497711181640625e-04
2752,1.59000000166997779160737991333008e-04
2753,1.51000000187195837497711181640625e-04
2754,1.54000000293308403342962265014648e-04
2755,1.54999999722349457442760467529297e-04
2756,1.40000000101281329989433288574219e-04
2757,1.35999999656633008271455764770508e-04
2758,1.32999999550520442426204681396484e-04
2759,1.33999999889056198298931121826172e-04
2760,1.37999999424209818243980407714844e-04
2761,1.35000000227591954171657562255859e-04
2762,1.33999999889056198298931121826172e-04
2763,1.32000000121479388326406478881836e-04
2764,1.38000000333704520016908645629883e-04
2765,1.32000000121479388326406478881836e-04
2766,1.35000000227591954171657562255859e-04
2767,1.32999999550520442426204681396484e-04
2768,1.37999999424209818243980407714844e-04
2769,1.35000000227591954171657562255859e-04
2770,1.34999999318097252398729324340820e-04
2771,1.35000000227591954171657562255859e-04
2772,1.35999999656633008271455764770508e-04
2773,1.35000000227591954171657562255859e-04
2774,1.37999999424209818243980407714844e-04
2775,1.50000000758154783397912979125977e-04
2776,1.51000000187195837497711181640625e-04
2777,1.52999999954772647470235824584961e-04
2778,1.53999999383813701570034027099609e-04
2779,1.56000000060885213315486907958984e-04
2780,1.60000000505533535033464431762695e-04
2781,1.57000000399420969188213348388672e-04
2782,1.56000000060885213315486907958984e-04
2783,1.59000000166997779160737991333008e-04
2784,1.49999999848660081624984741210938e-04
2785,1.37999999424209818243980407714844e-04
2786,1.40000000101281329989433288574219e-04
2787,1.38999999762745574116706848144531e-04
2788,1.35000000227591954171657562255859e-04
2789,1.35999999656633008271455764770508e-04
2790,1.36999999995168764144182205200195e-04
2791,1.41999999868858139961957931518555e-04
2792,1.36000000566127710044384002685547e-04
2793,1.36000000566127710044384002685547e-04
2794,1.36999999995168764144182205200195e-04
2795,1.42000000778352841734886169433594e-04
2796,1.36999999995168764144182205200195e-04
2797,1.36000000566127710044384002685547e-04
2798,1.36000000566127710044384002685547e-04
2799,1.38000000333704520016908645629883e-04
2800,1.35999999656633008271455764770508e-04
2801,1.35999999656633008271455764770508e-04
2802,1.36000000566127710044384002685547e-04
2803,1.48000000081083271652460098266602e-04
2804,1.54000000293308403342962265014648e-04
2805,1.57000000399420969188213348388672e-04
2806,1.57000000399420969188213348388672e-04
2807,1.56000000060885213315486907958984e-04
2808,1.60000000505533535033464431762695e-04
2809,1.57999999828462023288011550903320e-04
2810,1.57999999828462023288011550903320e-04
2811,1.56000000060885213315486907958984e-04
2812,1.57000000399420969188213348388672e-04
2813,1.43000000207393895834684371948242e-04
2814,1.38999999762745574116706848144531e-04
2815,1.36999999995168764144182205200195e-04
2816,1.39000000672240275889635086059570e-04
2817,1.36999999995168764144182205200195e-04
2818,1.35000000227591954171657562255859e-04
2819,1.38000000333704520016908645629883e-04
2820,1.36999999995168764144182205200195e-04
2821,1.38000000333704520016908645629883e-04
2822,1.36999999995168764144182205200195e-04
2823,1.38999999762745574116706848144531e-04
2824,1.36000000566127710044384002685547e-04
2825,1.35999999656633008271455764770508e-04
2826,1.38000000333704520016908645629883e-04
2827,1.38000000333704520016908645629883e-04
2828,1.36999999995168764144182205200195e-04
2829,1.40000000101281329989433288574219e-04
2830,1.38000000333704520016908645629883e-04
2831,1.49000000419619027525186538696289e-04
2832,1.57999999828462023288011550903320e-04
2833,1.60999999934574589133262634277344e-04
2834,1.54000000293308403342962265014648e-04
2835,1.60999999934574589133262634277344e-04
2836,1.57999999828462023288011550903320e-04
2837,1.60000000505533535033464431762695e-04
2838,1.57000000399420969188213348388672e-04
2839,1.57000000399420969188213348388672e-04
2840,1.56000000060885213315486907958984e-04
2841,1.41999999868858139961957931518555e-04
2842,1.39999999191786628216505050659180e-04
2843,1.40000000101281329989433288574219e-04
2844,1.41000000439817085862159729003906e-04
2845,1.38999999762745574116706848144531e-04
2846,1.39000000672240275889635086059570e-04
2847,1.36999999995168764144182205200195e-04
2848,1.37999999424209818243980407714844e-04
2849,1.36999999995168764144182205200195e-04
2850,1.38000000333704520016908645629883e-04
2851,1.39000000672240275889635086059570e-04
2852,1.40000000101281329989433288574219e-04
2853,1.38000000333704520016908645629883e-04
2854,1.43000000207393895834684371948242e-04
2855,1.38999999762745574116706848144531e-04
2856,1.38999999762745574116706848144531e-04
2857,1.40000000101281329989433288574219e-04
2858,1.42000000778352841734886169433594e-04
2859,1.56000000060885213315486907958984e-04
2860,1.57000000399420969188213348388672e-04
2861,1.60999999934574589133262634277344e-04
2862,1.60000000505533535033464431762695e-04
2863,1.60999999934574589133262634277344e-04
2864,1.56000000060885213315486907958984e-04
2865,1.59999999596038833260536193847656e-04
2866,1.59000000166997779160737991333008e-04
2867,1.57000000399420969188213348388672e-04
2868,1.54999999722349457442760467529297e-04
2869,1.41000000439817085862159729003906e-04
2870,1.44999999974970705807209014892578e-04
2871,1.40999999530322384089231491088867e-04
2872,1.37999999424209818243980407714844e-04
2873,1.38000000333704520016908645629883e-04
2874,1.46000000313506461679935455322266e-04
2875,1.40000000101281329989433288574219e-04
2876,1.40000000101281329989433288574219e-04
2877,1.38999999762745574116706848144531e-04
2878,1.40999999530322384089231491088867e-04
2879,1.40000000101281329989433288574219e-04
2880,1.40000000101281329989433288574219e-04
2881,1.40000000101281329989433288574219e-04
2882,1.38000000333704520016908645629883e-04
2883,1.41999999868858139961957931518555e-04
2884,1.40000000101281329989433288574219e-04
2885,1.38999999762745574116706848144531e-04
2886,1.43000000207393895834684371948242e-04
2887,1.57999999828462023288011550903320e-04
2888,1.59999999596038833260536193847656e-04
2889,1.65000000379222910851240158081055e-04
2890,1.62999999702151399105787277221680e-04
2891,1.61999999363615643233060836791992e-04
2892,1.60000000505533535033464431762695e-04
2893,1.60999999934574589133262634277344e-04
2894,1.62999999702151399105787277221680e-04
2895,1.60999999934574589133262634277344e-04
2896,1.49999999848660081624984741210938e-04
2897,1.43999999636434949934482574462891e-04
2898,1.41999999868858139961957931518555e-04
2899,1.41000000439817085862159729003906e-04
2900,1.46000000313506461679935455322266e-04
2901,1.41000000439817085862159729003906e-04
2902,1.41999999868858139961957931518555e-04
2903,1.43000000207393895834684371948242e-04
2904,1.41999999868858139961957931518555e-04
2905,1.43000000207393895834684371948242e-04
2906,1.43000000207393895834684371948242e-04
2907,1.44000000545929651707410812377930e-04
2908,1.41000000439817085862159729003906e-04
2909,1.40000000101281329989433288574219e-04
2910,1.41999999868858139961957931518555e-04
2911,1.46999999742547515779733657836914e-04
2912,1.43999999636434949934482574462891e-04
2913,1.42000000778352841734886169433594e-04
2914,1.54000000293308403342962265014648e-04
2915,1.65000000379222910851240158081055e-04
2916,1.62999999702151399105787277221680e-04
2917,1.64000000040687154978513717651367e-04
2918,1.60999999934574589133262634277344e-04
2919,1.62999999702151399105787277221680e-04
2920,1.60999999934574589133262634277344e-04
2921,1.62999999702151399105787277221680e-04
2922,1.63000000611646100878715515136719e-04
2923,1.54000000293308403342962265014648e-04
2924,1.46999999742547515779733657836914e-04
2925,1.40000000101281329989433288574219e-04
2926,1.41999999868858139961957931518555e-04
2927,1.45999999404011759907007217407227e-04
2928,1.41999999868858139961957931518555e-04
2929,1.44999999974970705807209014892578e-04
2930,1.44000000545929651707410812377930e-04
2931,1.48000000081083271652460098266602e-04
2932,1.43000000207393895834684371948242e-04
2933,1.48000000081083271652460098266602e-04
2934,1.44000000545929651707410812377930e-04
2935,1.41999999868858139961957931518555e-04
2936,1.43999999636434949934482574462891e-04
2937,1.44999999974970705807209014892578e-04
2938,1.43999999636434949934482574462891e-04
2939,1.43000000207393895834684371948242e-04
2940,1.43000000207393895834684371948242e-04
2941,1.55000000631844159215688705444336e-04
2942,1.64000000040687154978513717651367e-04
2943,1.65000000379222910851240158081055e-04
2944,1.68999999914376530796289443969727e-04
2945,1.63000000611646100878715515136719e-04
2946,1.65000000379222910851240158081055e-04
2947,1.67000000146799720823764801025391e-04
2948,1.65000000379222910851240158081055e-04
2949,1.67000000146799720823764801025391e-04
2950,1.56000000060885213315486907958984e-04
2951,1.49999999848660081624984741210938e-04
2952,1.44999999974970705807209014892578e-04
2953,1.46999999742547515779733657836914e-04
2954,1.44999999974970705807209014892578e-04
2955,1.46999999742547515779733657836914e-04
2956,1.44999999974970705807209014892578e-04
2957,1.41999999868858139961957931518555e-04
2958,1.46999999742547515779733657836914e-04
2959,1.44999999974970705807209014892578e-04
2960,1.41999999868858139961957931518555e-04
2961,1.44999999974970705807209014892578e-04
2962,1.49999999848660081624984741210938e-04
2963,1.46000000313506461679935455322266e-04
2964,1.43000000207393895834684371948242e-04
2965,1.46999999742547515779733657836914e-04
2966,1.47000000652042217552661895751953e-04
2967,1.47000000652042217552661895751953e-04
2968,1.58000000737956725060939788818359e-04
2969,1.69999999343417584896087646484375e-04
2970,1.65999999808263964951038360595703e-04
2971,1.67999999575840774923563003540039e-04
2972,1.67999999575840774923563003540039e-04
2973,1.62000000273110345005989074707031e-04
2974,1.64999999469728209078311920166016e-04
2975,1.65999999808263964951038360595703e-04
2976,1.66999999237305019050836563110352e-04
2977,1.50999999277701135724782943725586e-04
2978,1.48000000081083271652460098266602e-04
2979,1.44999999974970705807209014892578e-04
2980,1.45999999404011759907007217407227e-04
2981,1.44999999974970705807209014892578e-04
2982,1.48000000081083271652460098266602e-04
2983,1.47000000652042217552661895751953e-04
2984,1.46999999742547515779733657836914e-04
2985,1.46999999742547515779733657836914e-04
2986,1.46000000313506461679935455322266e-04
2987,1.51000000187195837497711181640625e-04
2988,1.45999999404011759907007217407227e-04
2989,1.44999999974970705807209014892578e-04
2990,1.48000000081083271652460098266602e-04
2991,1.48000000081083271652460098266602e-04
2992,1.43000000207393895834684371948242e-04
2993,1.45999999404011759907007217407227e-04
2994,1.48999999510124325752258300781250e-04
2995,1.58000000737956725060939788818359e-04
2996,1.67000000146799720823764801025391e-04
2997,1.65000000379222910851240158081055e-04
2998,1.72999999449530150741338729858398e-04
2999,1.68000000485335476696491241455078e-04
3000,1.70999999681953340768814086914062e-04
3001,1.68000000485335476696491241455078e-04
3002,1.67999999575840774923563003540039e-04
3003,1.64000000040687154978513717651367e-04
3004,1.51000000187195837497711181640625e-04
3005,1.51999999616236891597509384155273e-04
3006,1.51000000187195837497711181640625e-04
3007,1.48000000081083271652460098266602e-04
3008,1.52000000525731593370437622070312e-04
3009,1.44999999974970705807209014892578e-04
3010,1.49000000419619027525186538696289e-04
3011,1.48999999510124325752258300781250e-04
3012,1.46000000313506461679935455322266e-04
3013,1.47000000652042217552661895751953e-04
3014,1.48000000081083271652460098266602e-04
3015,1.48000000081083271652460098266602e-04
3016,1.48999999510124325752258300781250e-04
3017,1.46999999742547515779733657836914e-04
3018,1.48000000081083271652460098266602e-04
3019,1.51000000187195837497711181640625e-04
3020,1.46999999742547515779733657836914e-04
3021,1.64999999469728209078311920166016e-04
3022,1.66000000717758666723966598510742e-04
3023,1.70000000252912286669015884399414e-04
3024,1.68999999914376530796289443969727e-04
3025,1.67999999575840774923563003540039e-04
3026,1.70000000252912286669015884399414e-04
3027,1.68000000485335476696491241455078e-04
3028,1.70999999681953340768814086914062e-04
3029,1.69999999343417584896087646484375e-04
3030,1.52000000525731593370437622070312e-04
3031,1.50999999277701135724782943725586e-04
3032,1.51000000187195837497711181640625e-04
3033,1.52999999954772647470235824584961e-04
3034,1.49999999848660081624984741210938e-04
3035,1.48000000081083271652460098266602e-04
3036,1.49999999848660081624984741210938e-04
3037,1.49000000419619027525186538696289e-04
3038,1.50000000758154783397912979125977e-04
3039,1.51000000187195837497711181640625e-04
3040,1.49999999848660081624984741210938e-04
3041,1.48999999510124325752258300781250e-04
3042,1.46000000313506461679935455322266e-04
3043,1.48000000081083271652460098266602e-04
3044,1.51999999616236891597509384155273e-04
3045,1.49999999848660081624984741210938e-04
3046,1.49999999848660081624984741210938e-04
3047,1.60999999934574589133262634277344e-04
3048,1.73000000359024852514266967773438e-04
3049,1.72999999449530150741338729858398e-04
3050,1.67999999575840774923563003540039e-04
3051,1.74000000697560608386993408203125e-04
3052,1.71000000591448042541742324829102e-04
3053,1.72999999449530150741338729858398e-04
3054,1.72999999449530150741338729858398e-04
3055,1.68999999914376530796289443969727e-04
3056,1.55999999151390511542558670043945e-04
3057,1.51999999616236891597509384155273e-04
3058,1.53000000864267349243164062500000e-04
3059,1.51999999616236891597509384155273e-04
3060,1.49999999848660081624984741210938e-04
3061,1.51999999616236891597509384155273e-04
3062,1.46000000313506461679935455322266e-04
3063,1.50000000758154783397912979125977e-04
3064,1.46000000313506461679935455322266e-04
3065,1.51999999616236891597509384155273e-04
3066,1.52999999954772647470235824584961e-04
3067,1.49999999848660081624984741210938e-04
3068,1.51999999616236891597509384155273e-04
3069,1.51999999616236891597509384155273e-04
3070,1.49000000419619027525186538696289e-04
3071,1.49000000419619027525186538696289e-04
3072,1.53999999383813701570034027099609e-04
3073,1.62999999702151399105787277221680e-04
3074,1.73000000359024852514266967773438e-04
3075,1.84000000444939360022544860839844e-04
3076,1.70999999681953340768814086914062e-04
3077,1.73999999788065906614065170288086e-04
3078,1.72000000020489096641540527343750e-04
3079,1.72000000020489096641540527343750e-04
3080,1.73999999788065906614065170288086e-04
3081,1.69000000823871232569217681884766e-04
3082,1.54999999722349457442760467529297e-04
3083,1.52999999954772647470235824584961e-04
3084,1.54000000293308403342962265014648e-04
3085,1.56000000060885213315486907958984e-04
3086,1.49999999848660081624984741210938e-04
3087,1.48000000081083271652460098266602e-04
3088,1.49000000419619027525186538696289e-04
3089,1.48000000081083271652460098266602e-04
3090,1.49999999848660081624984741210938e-04
3091,1.51000000187195837497711181640625e-04
3092,1.54000000293308403342962265014648e-04
3093,1.50000000758154783397912979125977e-04
3094,1.49999999848660081624984741210938e-04
3095,1.50000000758154783397912979125977e-04
3096,1.51999999616236891597509384155273e-04
3097,1.50999999277701135724782943725586e-04
3098,1.56999999489926267415285110473633e-04
3099,1.75999999555642716586589813232422e-04
3100,1.70999999681953340768814086914062e-04
3101,1.75999999555642716586589813232422e-04
3102,1.75999999555642716586589813232422e-04
3103,1.73999999788065906614065170288086e-04
3104,1.70000000252912286669015884399414e-04
3105,1.74999999217106960713863372802734e-04
3106,1.79000000571249984204769134521484e-04
3107,1.61000000844069290906190872192383e-04
3108,1.56999999489926267415285110473633e-04
3109,1.59999999596038833260536193847656e-04
3110,1.52999999954772647470235824584961e-04
3111,1.51999999616236891597509384155273e-04
3112,1.49999999848660081624984741210938e-04
3113,1.52000000525731593370437622070312e-04
3114,1.54999999722349457442760467529297e-04
3115,1.54000000293308403342962265014648e-04
3116,1.54999999722349457442760467529297e-04
3117,1.50000000758154783397912979125977e-04
3118,1.50999999277701135724782943725586e-04
3119,1.49999999848660081624984741210938e-04
3120,1.54000000293308403342962265014648e-04
3121,1.52999999954772647470235824584961e-04
3122,1.49999999848660081624984741210938e-04
3123,1.51000000187195837497711181640625e-04
3124,1.67999999575840774923563003540039e-04
3125,1.76999999894178472459316253662109e-04
3126,1.75000000126601662486791610717773e-04
3127,1.76999999894178472459316253662109e-04
3128,1.77999999323219526559114456176758e-04
3129,1.73999999788065906614065170288086e-04
3130,1.78999999661755282431840896606445e-04
3131,1.73000000359024852514266967773438e-04
3132,1.73999999788065906614065170288086e-04
3133,1.62000000273110345005989074707031e-04
3134,1.57999999828462023288011550903320e-04
3135,1.54000000293308403342962265014648e-04
3136,1.52999999954772647470235824584961e-04
3137,1.54000000293308403342962265014648e-04
3138,1.55000000631844159215688705444336e-04
3139,1.52000000525731593370437622070312e-04
3140,1.52999999954772647470235824584961e-04
3141,1.49999999848660081624984741210938e-04
3142,1.53000000864267349243164062500000e-04
3143,1.51000000187195837497711181640625e-04
3144,1.50999999277701135724782943725586e-04
3145,1.52999999954772647470235824584961e-04
3146,1.49999999848660081624984741210938e-04
3147,1.56999999489926267415285110473633e-04
3148,1.54000000293308403342962265014648e-04
3149,1.60999999934574589133262634277344e-04
3150,1.70000000252912286669015884399414e-04
3151,1.79000000571249984204769134521484e-04
3152,1.78999999661755282431840896606445e-04
3153,1.75999999555642716586589813232422e-04
3154,1.75000000126601662486791610717773e-04
3155,1.75000000126601662486791610717773e-04
3156,1.75000000126601662486791610717773e-04
3157,1.76999999894178472459316253662109e-04
3158,1.62999999702151399105787277221680e-04
3159,1.54999999722349457442760467529297e-04
3160,1.56000000060885213315486907958984e-04
3161,1.54000000293308403342962265014648e-04
3162,1.54000000293308403342962265014648e-04
3163,1.56000000060885213315486907958984e-04
3164,1.59999999596038833260536193847656e-04
3165,1.54000000293308403342962265014648e-04
3166,1.54999999722349457442760467529297e-04
3167,1.60000000505533535033464431762695e-04
3168,1.54999999722349457442760467529297e-04
3169,1.53999999383813701570034027099609e-04
3170,1.53999999383813701570034027099609e-04
3171,1.54999999722349457442760467529297e-04
3172,1.54000000293308403342962265014648e-04
3173,1.56000000060885213315486907958984e-04
3174,1.68999999914376530796289443969727e-04
3175,1.75999999555642716586589813232422e-04
3176,1.78000000232714228332042694091797e-04
3177,1.80999999429332092404365539550781e-04
3178,1.79000000571249984204769134521484e-04
3179,1.76999999894178472459316253662109e-04
3180,1.78000000232714228332042694091797e-04
3181,1.80000000000291038304567337036133e-04
3182,1.81000000338826794177293777465820e-04
3183,1.64999999469728209078311920166016e-04
3184,1.61999999363615643233060836791992e-04
3185,1.59999999596038833260536193847656e-04
3186,1.55000000631844159215688705444336e-04
3187,1.59999999596038833260536193847656e-04
3188,1.57000000399420969188213348388672e-04
3189,1.59999999596038833260536193847656e-04
3190,1.57000000399420969188213348388672e-04
3191,1.56000000060885213315486907958984e-04
3192,1.53999999383813701570034027099609e-04
3193,1.56999999489926267415285110473633e-04
3194,1.56000000060885213315486907958984e-04
3195,1.54999999722349457442760467529297e-04
3196,1.56999999489926267415285110473633e-04
3197,1.57000000399420969188213348388672e-04
3198,1.55999999151390511542558670043945e-04
3199,1.66999999237305019050836563110352e-04
3200,1.79000000571249984204769134521484e-04
3201,1.79000000571249984204769134521484e-04
3202,1.78999999661755282431840896606445e-04
3203,1.83999999535444658249616622924805e-04
3204,1.86999999641557224094867706298828e-04
3205,1.80000000000291038304567337036133e-04
3206,1.81000000338826794177293777465820e-04
3207,1.70999999681953340768814086914062e-04
3208,1.59000000166997779160737991333008e-04
3209,1.59000000166997779160737991333008e-04
3210,1.59000000166997779160737991333008e-04
3211,1.59999999596038833260536193847656e-04
3212,1.57999999828462023288011550903320e-04
3213,1.57000000399420969188213348388672e-04
3214,1.60999999934574589133262634277344e-04
3215,1.55999999151390511542558670043945e-04
3216,1.55000000631844159215688705444336e-04
3217,1.60999999934574589133262634277344e-04
3218,1.56999999489926267415285110473633e-04
3219,1.56999999489926267415285110473633e-04
3220,1.56000000060885213315486907958984e-04
3221,1.54999999722349457442760467529297e-04
3222,1.57000000399420969188213348388672e-04
3223,1.65000000379222910851240158081055e-04
3224,1.78000000232714228332042694091797e-04
3225,1.83999999535444658249616622924805e-04
3226,1.86999999641557224094867706298828e-04
3227,1.83000000106403604149818420410156e-04
3228,1.83999999535444658249616622924805e-04
3229,1.78000000232714228332042694091797e-04
3230,1.76999999894178472459316253662109e-04
3231,1.81999999767867848277091979980469e-04
3232,1.65000000379222910851240158081055e-04
3233,1.62000000273110345005989074707031e-04
3234,1.60999999934574589133262634277344e-04
3235,1.57999999828462023288011550903320e-04
3236,1.59000000166997779160737991333008e-04
3237,1.59999999596038833260536193847656e-04
3238,1.57999999828462023288011550903320e-04
3239,1.59000000166997779160737991333008e-04
3240,1.59000000166997779160737991333008e-04
3241,1.57999999828462023288011550903320e-04
3242,1.59000000166997779160737991333008e-04
3243,1.60999999934574589133262634277344e-04
3244,1.64000000040687154978513717651367e-04
3245,1.59999999596038833260536193847656e-04
3246,1.60999999934574589133262634277344e-04
3247,1.62999999702151399105787277221680e-04
3248,1.70000000252912286669015884399414e-04
3249,1.86999999641557224094867706298828e-04
3250,1.84999999873980414122343063354492e-04
3251,1.81000000338826794177293777465820e-04
3252,1.88999999409134034067392349243164e-04
3253,1.80000000000291038304567337036133e-04
3254,1.83000000106403604149818420410156e-04
3255,1.83000000106403604149818420410156e-04
3256,1.73000000359024852514266967773438e-04
3257,1.60000000505533535033464431762695e-04
3258,1.61999999363615643233060836791992e-04
3259,1.59000000166997779160737991333008e-04
3260,1.62000000273110345005989074707031e-04
3261,1.58000000737956725060939788818359e-04
3262,1.60999999934574589133262634277344e-04
3263,1.59000000166997779160737991333008e-04
3264,1.59999999596038833260536193847656e-04
3265,1.59999999596038833260536193847656e-04
3266,1.59999999596038833260536193847656e-04
3267,1.59000000166997779160737991333008e-04
3268,1.59999999596038833260536193847656e-04
3269,1.57999999828462023288011550903320e-04
3270,1.60999999934574589133262634277344e-04
3271,1.57999999828462023288011550903320e-04
3272,1.65999999808263964951038360595703e-04
3273,1.84999999873980414122343063354492e-04
3274,1.87000000551051925867795944213867e-04
3275,1.84999999873980414122343063354492e-04
3276,1.84999999873980414122343063354492e-04
3277,1.86000000212516169995069503784180e-04
3278,1.87000000551051925867795944213867e-04
3279,1.86999999641557224094867706298828e-04
3280,1.77999999323219526559114456176758e-04
3281,1.62000000273110345005989074707031e-04
3282,1.65999999808263964951038360595703e-04
3283,1.64999999469728209078311920166016e-04
3284,1.59000000166997779160737991333008e-04
3285,1.62000000273110345005989074707031e-04
3286,1.65000000379222910851240158081055e-04
3287,1.61999999363615643233060836791992e-04
3288,1.62999999702151399105787277221680e-04
3289,1.60999999934574589133262634277344e-04
3290,1.59000000166997779160737991333008e-04
3291,1.62999999702151399105787277221680e-04
3292,1.62000000273110345005989074707031e-04
3293,1.62000000273110345005989074707031e-04
3294,1.60999999934574589133262634277344e-04
3295,1.60999999934574589133262634277344e-04
3296,1.70000000252912286669015884399414e-04
3297,1.81999999767867848277091979980469e-04
3298,1.87999999980092979967594146728516e-04
3299,1.86999999641557224094867706298828e-04
3300,1.84999999873980414122343063354492e-04
3301,1.83000000106403604149818420410156e-04
3302,1.88999999409134034067392349243164e-04
3303,1.87999999980092979967594146728516e-04
3304,1.82999999196908902376890182495117e-04
3305,1.64000000040687154978513717651367e-04
3306,1.65999999808263964951038360595703e-04
3307,1.63000000611646100878715515136719e-04
3308,1.60999999934574589133262634277344e-04
3309,1.60999999934574589133262634277344e-04
3310,1.64999999469728209078311920166016e-04
3311,1.64000000040687154978513717651367e-04
3312,1.65000000379222910851240158081055e-04
3313,1.60999999934574589133262634277344e-04
3314,1.62999999702151399105787277221680e-04
3315,1.62000000273110345005989074707031e-04
3316,1.60999999934574589133262634277344e-04
3317,1.59000000166997779160737991333008e-04
3318,1.65000000379222910851240158081055e-04
3319,1.62999999702151399105787277221680e-04
3320,1.70999999681953340768814086914062e-04
3321,1.85999999303021468222141265869141e-04
3322,1.94000000192318111658096313476562e-04
3323,1.90000000657164491713047027587891e-04
3324,1.87999999980092979967594146728516e-04
3325,1.86999999641557224094867706298828e-04
3326,1.86000000212516169995069503784180e-04
3327,1.89000000318628735840320587158203e-04
3328,1.80000000000291038304567337036133e-04
3329,1.64999999469728209078311920166016e-04
3330,1.67000000146799720823764801025391e-04
3331,1.65999999808263964951038360595703e-04
3332,1.65000000379222910851240158081055e-04
3333,1.62999999702151399105787277221680e-04
3334,1.66999999237305019050836563110352e-04
3335,1.65000000379222910851240158081055e-04
3336,1.64000000040687154978513717651367e-04
3337,1.64000000040687154978513717651367e-04
3338,1.64000000040687154978513717651367e-04
3339,1.62000000273110345005989074707031e-04
3340,1.62999999702151399105787277221680e-04
3341,1.71000000591448042541742324829102e-04
3342,1.65000000379222910851240158081055e-04
3343,1.68999999914376530796289443969727e-04
3344,1.86000000212516169995069503784180e-04
3345,1.87000000551051925867795944213867e-04
3346,1.85999999303021468222141265869141e-04
3347,1.89000000318628735840320587158203e-04
3348,1.89000000318628735840320587158203e-04
3349,1.91000000086205545812845230102539e-04
3350,1.93999999282823409885168075561523e-04
3351,1.87999999980092979967594146728516e-04
3352,1.78999999661755282431840896606445e-04
3353,1.70000000252912286669015884399414e-04
3354,1.68999999914376530796289443969727e-04
3355,1.68999999914376530796289443969727e-04
3356,1.92000000424741301685571670532227e-04
3357,1.92999999853782355785369873046875e-04
3358,1.83999999535444658249616622924805e-04
3359,1.81999999767867848277091979980469e-04
3360,1.67999999575840774923563003540039e-04
3361,1.65999999808263964951038360595703e-04
3362,1.67999999575840774923563003540039e-04
3363,1.64000000040687154978513717651367e-04
3364,1.65000000379222910851240158081055e-04
3365,1.64999999469728209078311920166016e-04
3366,1.63000000611646100878715515136719e-04
3367,1.76999999894178472459316253662109e-04
3368,1.92999999853782355785369873046875e-04
3369,1.92000000424741301685571670532227e-04
3370,1.93999999282823409885168075561523e-04
3371,1.86000000212516169995069503784180e-04
3372,1.95000000530853867530822753906250e-04
3373,1.91999999515246599912643432617188e-04
3374,1.89000000318628735840320587158203e-04
3375,1.74999999217106960713863372802734e-04
3376,1.71000000591448042541742324829102e-04
3377,1.68000000485335476696491241455078e-04
3378,1.70999999681953340768814086914062e-04
3379,1.68000000485335476696491241455078e-04
3380,1.65999999808263964951038360595703e-04
3381,1.68999999914376530796289443969727e-04
3382,1.65999999808263964951038360595703e-04
3383,1.65000000379222910851240158081055e-04
3384,1.66000000717758666723966598510742e-04
3385,1.62000000273110345005989074707031e-04
3386,1.65999999808263964951038360595703e-04
3387,1.65999999808263964951038360595703e-04
3388,1.65000000379222910851240158081055e-04
3389,1.63000000611646100878715515136719e-04
3390,1.67999999575840774923563003540039e-04
3391,1.90000000657164491713047027587891e-04
3392,1.89000000318628735840320587158203e-04
3393,1.89999999747669789940118789672852e-04
3394,1.99000000066007487475872039794922e-04
3395,1.88999999409134034067392349243164e-04
3396,1.91999999515246599912643432617188e-04
3397,1.97999999727471731603145599365234e-04
3398,1.91999999515246599912643432617188e-04
3399,1.73999999788065906614065170288086e-04
3400,1.69999999343417584896087646484375e-04
3401,1.67000000146799720823764801025391e-04
3402,1.65000000379222910851240158081055e-04
3403,1.68999999914376530796289443969727e-04
3404,1.69000000823871232569217681884766e-04
3405,1.67000000146799720823764801025391e-04
3406,1.70999999681953340768814086914062e-04
3407,1.65999999808263964951038360595703e-04
3408,1.65999999808263964951038360595703e-04
3409,1.64000000040687154978513717651367e-04
3410,1.68999999914376530796289443969727e-04
3411,1.68000000485335476696491241455078e-04
3412,1.67000000146799720823764801025391e-04
3413,1.67999999575840774923563003540039e-04
3414,1.80000000000291038304567337036133e-04
3415,1.92000000424741301685571670532227e-04
3416,1.97000000298430677503347396850586e-04
3417,1.89000000318628735840320587158203e-04
3418,1.91000000086205545812845230102539e-04
3419,1.95000000530853867530822753906250e-04
3420,1.97000000298430677503347396850586e-04
3421,1.92999999853782355785369873046875e-04
3422,1.73999999788065906614065170288086e-04
3423,1.72000000020489096641540527343750e-04
3424,1.70000000252912286669015884399414e-04
3425,1.72000000020489096641540527343750e-04
3426,1.68999999914376530796289443969727e-04
3427,1.70000000252912286669015884399414e-04
3428,1.68999999914376530796289443969727e-04
3429,1.67999999575840774923563003540039e-04
3430,1.70999999681953340768814086914062e-04
3431,1.73999999788065906614065170288086e-04
3432,1.68000000485335476696491241455078e-04
3433,1.68999999914376530796289443969727e-04
3434,1.68999999914376530796289443969727e-04
3435,1.68000000485335476696491241455078e-04
3436,1.62999999702151399105787277221680e-04
3437,1.78999999661755282431840896606445e-04
3438,1.89999999747669789940118789672852e-04
3439,1.94999999621359165757894515991211e-04
3440,1.96000000869389623403549194335938e-04
3441,1.91000000086205545812845230102539e-04
3442,1.94000000192318111658096313476562e-04
3443,1.95000000530853867530822753906250e-04
3444,1.92000000424741301685571670532227e-04
3445,1.80000000000291038304567337036133e-04
3446,1.73999999788065906614065170288086e-04
3447,1.68999999914376530796289443969727e-04
3448,1.68999999914376530796289443969727e-04
3449,1.72999999449530150741338729858398e-04
3450,1.70000000252912286669015884399414e-04
3451,1.71000000591448042541742324829102e-04
3452,1.75000000126601662486791610717773e-04
3453,1.71000000591448042541742324829102e-04
3454,1.67999999575840774923563003540039e-04
3455,1.72000000020489096641540527343750e-04
3456,1.70000000252912286669015884399414e-04
3457,1.73000000359024852514266967773438e-04
3458,1.68999999914376530796289443969727e-04
3459,1.72999999449530150741338729858398e-04
3460,1.86999999641557224094867706298828e-04
3461,1.90999999176710844039916992187500e-04
3462,2.03000000510655809193849563598633e-04
3463,1.97000000298430677503347396850586e-04
3464,1.97999999727471731603145599365234e-04
3465,2.00000000404543243348598480224609e-04
3466,1.95000000530853867530822753906250e-04
3467,1.95000000530853867530822753906250e-04
3468,1.85999999303021468222141265869141e-04
3469,1.73000000359024852514266967773438e-04
3470,1.72000000020489096641540527343750e-04
3471,1.72000000020489096641540527343750e-04
3472,1.72000000020489096641540527343750e-04
3473,1.70999999681953340768814086914062e-04
3474,1.75000000126601662486791610717773e-04
3475,1.68999999914376530796289443969727e-04
3476,1.70000000252912286669015884399414e-04
3477,1.70999999681953340768814086914062e-04
3478,1.69999999343417584896087646484375e-04
3479,1.72000000020489096641540527343750e-04
3480,1.70000000252912286669015884399414e-04
3481,1.75000000126601662486791610717773e-04
3482,1.68999999914376530796289443969727e-04
3483,1.94999999621359165757894515991211e-04
3484,1.97999999727471731603145599365234e-04
3485,2.03000000510655809193849563598633e-04
3486,2.00999999833584297448396682739258e-04
3487,1.97000000298430677503347396850586e-04
3488,1.95999999959894921630620956420898e-04
3489,1.95999999959894921630620956420898e-04
3490,1.91000000086205545812845230102539e-04
3491,1.76000000465137418359518051147461e-04
3492,1.73999999788065906614065170288086e-04
3493,1.74000000697560608386993408203125e-04
3494,1.72000000020489096641540527343750e-04
3495,1.70999999681953340768814086914062e-04
3496,1.71000000591448042541742324829102e-04
3497,1.70000000252912286669015884399414e-04
3498,1.68999999914376530796289443969727e-04
3499,1.70000000252912286669015884399414e-04
3500,1.68999999914376530796289443969727e-04
3501,1.70999999681953340768814086914062e-04
3502,1.76000000465137418359518051147461e-04
3503,1.70999999681953340768814086914062e-04
3504,1.71000000591448042541742324829102e-04
3505,1.82999999196908902376890182495117e-04
3506,2.02999999601161107420921325683594e-04
3507,2.01999999262625351548194885253906e-04
3508,2.02000000172120053321123123168945e-04
3509,1.95999999959894921630620956420898e-04
3510,1.96999999388935975730419158935547e-04
3511,2.00000000404543243348598480224609e-04
3512,1.98000000636966433376073837280273e-04
3513,1.83000000106403604149818420410156e-04
3514,1.75999999555642716586589813232422e-04
3515,1.73999999788065906614065170288086e-04
3516,1.73999999788065906614065170288086e-04
3517,1.77999999323219526559114456176758e-04
3518,1.72000000020489096641540527343750e-04
3519,1.72000000020489096641540527343750e-04
3520,1.75999999555642716586589813232422e-04
3521,1.75000000126601662486791610717773e-04
3522,1.72999999449530150741338729858398e-04
3523,1.75000000126601662486791610717773e-04
3524,1.74000000697560608386993408203125e-04
3525,1.72000000020489096641540527343750e-04
3526,1.78999999661755282431840896606445e-04
3527,1.73999999788065906614065170288086e-04
3528,1.86999999641557224094867706298828e-04
3529,2.00999999833584297448396682739258e-04
3530,1.97999999727471731603145599365234e-04
3531,2.04000000849191565066576004028320e-04
3532,2.05999999707273673266172409057617e-04
3533,2.03000000510655809193849563598633e-04
3534,1.99999999495048541575670242309570e-04
3535,2.03000000510655809193849563598633e-04
3536,1.78999999661755282431840896606445e-04
3537,1.76999999894178472459316253662109e-04
3538,1.82000000677362550050020217895508e-04
3539,1.76999999894178472459316253662109e-04
3540,1.74999999217106960713863372802734e-04
3541,1.75999999555642716586589813232422e-04
3542,1.76000000465137418359518051147461e-04
3543,1.75000000126601662486791610717773e-04
3544,1.78000000232714228332042694091797e-04
3545,1.76999999894178472459316253662109e-04
3546,1.76999999894178472459316253662109e-04
3547,1.78000000232714228332042694091797e-04
3548,1.78000000232714228332042694091797e-04
3549,1.76000000465137418359518051147461e-04
3550,1.91000000086205545812845230102539e-04
3551,1.93000000763277057558298110961914e-04
3552,1.95999999959894921630620956420898e-04
3553,2.03000000510655809193849563598633e-04
3554,1.99999999495048541575670242309570e-04
3555,1.95999999959894921630620956420898e-04
3556,2.03000000510655809193849563598633e-04
3557,2.00000000404543243348598480224609e-04
3558,1.83000000106403604149818420410156e-04
3559,1.83000000106403604149818420410156e-04
3560,1.76000000465137418359518051147461e-04
3561,1.77999999323219526559114456176758e-04
3562,1.78999999661755282431840896606445e-04
3563,1.76999999894178472459316253662109e-04
3564,1.75000000126601662486791610717773e-04
3565,1.76999999894178472459316253662109e-04
3566,1.72999999449530150741338729858398e-04
3567,1.75999999555642716586589813232422e-04
3568,1.76000000465137418359518051147461e-04
3569,1.75999999555642716586589813232422e-04
3570,1.75000000126601662486791610717773e-04
3571,1.80000000000291038304567337036133e-04
3572,1.81000000338826794177293777465820e-04
3573,2.02000000172120053321123123168945e-04
3574,2.09999999242427293211221694946289e-04
3575,2.03999999939696863293647766113281e-04
3576,2.00000000404543243348598480224609e-04
3577,2.03000000510655809193849563598633e-04
3578,2.00000000404543243348598480224609e-04
3579,2.00999999833584297448396682739258e-04
3580,1.83999999535444658249616622924805e-04
3581,1.81000000338826794177293777465820e-04
3582,1.76999999894178472459316253662109e-04
3583,1.78999999661755282431840896606445e-04
3584,1.78000000232714228332042694091797e-04
3585,1.76999999894178472459316253662109e-04
3586,1.75999999555642716586589813232422e-04
3587,1.75999999555642716586589813232422e-04
3588,1.78000000232714228332042694091797e-04
3589,1.81999999767867848277091979980469e-04
3590,1.75999999555642716586589813232422e-04
3591,1.76999999894178472459316253662109e-04
3592,1.78000000232714228332042694091797e-04
3593,1.76999999894178472459316253662109e-04
3594,1.76999999894178472459316253662109e-04
3595,2.03000000510655809193849563598633e-04
3596,2.05000000278232619166374206542969e-04
3597,2.02000000172120053321123123168945e-04
3598,2.00999999833584297448396682739258e-04
3599,2.03999999939696863293647766113281e-04
3600,2.05000000278232619166374206542969e-04
3601,2.02000000172120053321123123168945e-04
3602,1.87999999980092979967594146728516e-04
3603,1.82000000677362550050020217895508e-04
3604,1.77999999323219526559114456176758e-04
3605,1.81000000338826794177293777465820e-04
3606,1.79000000571249984204769134521484e-04
3607,1.76999999894178472459316253662109e-04
3608,1.77999999323219526559114456176758e-04
3609,1.78999999661755282431840896606445e-04
3610,1.78999999661755282431840896606445e-04
3611,1.78000000232714228332042694091797e-04
3612,1.78000000232714228332042694091797e-04
3613,1.76999999894178472459316253662109e-04
3614,1.79000000571249984204769134521484e-04
3615,1.78999999661755282431840896606445e-04
3616,1.87000000551051925867795944213867e-04
3617,2.03000000510655809193849563598633e-04
3618,2.05000000278232619166374206542969e-04
3619,2.00000000404543243348598480224609e-04
3620,2.03000000510655809193849563598633e-04
3621,2.07000000045809429138898849487305e-04
3622,2.01000000743078999221324920654297e-04
3623,2.03000000510655809193849563598633e-04
3624,1.90000000657164491713047027587891e-04
3625,1.76999999894178472459316253662109e-04
3626,1.79000000571249984204769134521484e-04
3627,1.83999999535444658249616622924805e-04
3628,1.81000000338826794177293777465820e-04
3629,1.78000000232714228332042694091797e-04
3630,1.84000000444939360022544860839844e-04
3631,1.75000000126601662486791610717773e-04
3632,1.81000000338826794177293777465820e-04
3633,1.84000000444939360022544860839844e-04
3634,1.78000000232714228332042694091797e-04
3635,1.81999999767867848277091979980469e-04
3636,1.78999999661755282431840896606445e-04
3637,1.76000000465137418359518051147461e-04
3638,1.86999999641557224094867706298828e-04
3639,2.08999999813386239111423492431641e-04
3640,2.08999999813386239111423492431641e-04
3641,2.07999999474850483238697052001953e-04
3642,2.11999999919498804956674575805664e-04
3643,2.08000000384345185011625289916992e-04
3644,2.08000000384345185011625289916992e-04
3645,2.06000000616768375039100646972656e-04
3646,1.85000000783475115895271301269531e-04
3647,1.82000000677362550050020217895508e-04
3648,1.81999999767867848277091979980469e-04
3649,1.81999999767867848277091979980469e-04
3650,1.81000000338826794177293777465820e-04
3651,1.80999999429332092404365539550781e-04
3652,1.76999999894178472459316253662109e-04
3653,1.81999999767867848277091979980469e-04
3654,1.80000000000291038304567337036133e-04
3655,1.81000000338826794177293777465820e-04
3656,1.77000000803673174232244491577148e-04
3657,1.83000000106403604149818420410156e-04
3658,1.83000000106403604149818420410156e-04
3659,1.80000000000291038304567337036133e-04
3660,1.98000000636966433376073837280273e-04
3661,2.08999999813386239111423492431641e-04
3662,2.15000000025611370801925659179688e-04
3663,2.10000000151921994984149932861328e-04
3664,2.08999999813386239111423492431641e-04
3665,2.13000000258034560829401016235352e-04
3666,2.10000000151921994984149932861328e-04
3667,1.95999999959894921630620956420898e-04
3668,1.89999999747669789940118789672852e-04
3669,1.82000000677362550050020217895508e-04
3670,1.84000000444939360022544860839844e-04
3671,1.86999999641557224094867706298828e-04
3672,1.81999999767867848277091979980469e-04
3673,1.81999999767867848277091979980469e-04
3674,1.83999999535444658249616622924805e-04
3675,1.80999999429332092404365539550781e-04
3676,1.80000000000291038304567337036133e-04
3677,1.83000000106403604149818420410156e-04
3678,1.80000000000291038304567337036133e-04
3679,1.81999999767867848277091979980469e-04
3680,1.79000000571249984204769134521484e-04
3681,1.82999999196908902376890182495117e-04
3682,1.99000000066007487475872039794922e-04
3683,2.02999999601161107420921325683594e-04
3684,2.06999999136314727365970611572266e-04
3685,2.07000000045809429138898849487305e-04
3686,2.08999999813386239111423492431641e-04
3687,2.08999999813386239111423492431641e-04
3688,2.11000000490457750856876373291016e-04
3689,1.92000000424741301685571670532227e-04
3690,1.83000000106403604149818420410156e-04
3691,1.86999999641557224094867706298828e-04
3692,1.84999999873980414122343063354492e-04
3693,1.84000000444939360022544860839844e-04
3694,1.83999999535444658249616622924805e-04
3695,1.83000000106403604149818420410156e-04
3696,1.84999999873980414122343063354492e-04
3697,1.84999999873980414122343063354492e-04
3698,1.81999999767867848277091979980469e-04
3699,1.87999999980092979967594146728516e-04
3700,1.86000000212516169995069503784180e-04
3701,1.80999999429332092404365539550781e-04
3702,1.83000000106403604149818420410156e-04
3703,2.02000000172120053321123123168945e-04
3704,2.05000000278232619166374206542969e-04
3705,2.10000000151921994984149932861328e-04
3706,2.08999999813386239111423492431641e-04
3707,2.09000000722880940884351730346680e-04
3708,2.10999999580963049083948135375977e-04
3709,2.08000000384345185011625289916992e-04
3710,1.97999999727471731603145599365234e-04
3711,1.89999999747669789940118789672852e-04
3712,1.87999999980092979967594146728516e-04
3713,1.83999999535444658249616622924805e-04
3714,1.87000000551051925867795944213867e-04
3715,1.81999999767867848277091979980469e-04
3716,1.83000000106403604149818420410156e-04
3717,1.83999999535444658249616622924805e-04
3718,1.83000000106403604149818420410156e-04
3719,1.83999999535444658249616622924805e-04
3720,1.89000000318628735840320587158203e-04
3721,1.86999999641557224094867706298828e-04
3722,1.83999999535444658249616622924805e-04
3723,1.89999999747669789940118789672852e-04
3724,1.95000000530853867530822753906250e-04
3725,2.10000000151921994984149932861328e-04
3726,2.11999999919498804956674575805664e-04
3727,2.15000000025611370801925659179688e-04
3728,2.17000000702682882547378540039062e-04
3729,2.11999999919498804956674575805664e-04
3730,2.11000000490457750856876373291016e-04
3731,2.08999999813386239111423492431641e-04
3732,1.89000000318628735840320587158203e-04
3733,1.87000000551051925867795944213867e-04
3734,1.86999999641557224094867706298828e-04
3735,1.88999999409134034067392349243164e-04
3736,1.83000000106403604149818420410156e-04
3737,1.87999999980092979967594146728516e-04
3738,1.87999999980092979967594146728516e-04
3739,1.83999999535444658249616622924805e-04
3740,1.92000000424741301685571670532227e-04
3741,1.86999999641557224094867706298828e-04
3742,1.85999999303021468222141265869141e-04
3743,1.85999999303021468222141265869141e-04
3744,1.86999999641557224094867706298828e-04
3745,1.90000000657164491713047027587891e-04
3746,2.10000000151921994984149932861328e-04
3747,2.10999999580963049083948135375977e-04
3748,2.10999999580963049083948135375977e-04
3749,2.10999999580963049083948135375977e-04
3750,2.06000000616768375039100646972656e-04
3751,2.13999999687075614929199218750000e-04
3752,2.10000000151921994984149932861328e-04
3753,1.92000000424741301685571670532227e-04
3754,1.86999999641557224094867706298828e-04
3755,1.88999999409134034067392349243164e-04
3756,1.85999999303021468222141265869141e-04
3757,1.86000000212516169995069503784180e-04
3758,1.85999999303021468222141265869141e-04
3759,1.86000000212516169995069503784180e-04
3760,1.84000000444939360022544860839844e-04
3761,1.86999999641557224094867706298828e-04
3762,1.86000000212516169995069503784180e-04
3763,1.86999999641557224094867706298828e-04
3764,1.84999999873980414122343063354492e-04
3765,1.84999999873980414122343063354492e-04
3766,1.88999999409134034067392349243164e-04
3767,2.08000000384345185011625289916992e-04
3768,2.16000000364147126674652099609375e-04
3769,2.13000000258034560829401016235352e-04
3770,2.12000000828993506729602813720703e-04
3771,2.18000000131723936647176742553711e-04
3772,2.11999999919498804956674575805664e-04
3773,2.13000000258034560829401016235352e-04
3774,1.91000000086205545812845230102539e-04
3775,1.89999999747669789940118789672852e-04
3776,1.91000000086205545812845230102539e-04
3777,1.87000000551051925867795944213867e-04
3778,1.90000000657164491713047027587891e-04
3779,1.90000000657164491713047027587891e-04
3780,1.86999999641557224094867706298828e-04
3781,1.86000000212516169995069503784180e-04
3782,1.89999999747669789940118789672852e-04
3783,1.87999999980092979967594146728516e-04
3784,1.84999999873980414122343063354492e-04
3785,1.88999999409134034067392349243164e-04
3786,1.84999999873980414122343063354492e-04
3787,1.89000000318628735840320587158203e-04
3788,2.10999999580963049083948135375977e-04
3789,2.13999999687075614929199218750000e-04
3790,2.15000000025611370801925659179688e-04
3791,2.14000000596570316702127456665039e-04
3792,2.16000000364147126674652099609375e-04
3793,2.18000000131723936647176742553711e-04
3794,2.13999999687075614929199218750000e-04
3795,1.92999999853782355785369873046875e-04
3796,1.95999999959894921630620956420898e-04
3797,1.88999999409134034067392349243164e-04
3798,1.86000000212516169995069503784180e-04
3799,1.94000000192318111658096313476562e-04
3800,1.88999999409134034067392349243164e-04
3801,1.89000000318628735840320587158203e-04
3802,1.91000000086205545812845230102539e-04
3803,1.86999999641557224094867706298828e-04
3804,1.86000000212516169995069503784180e-04
3805,1.91000000086205545812845230102539e-04
3806,1.86999999641557224094867706298828e-04
3807,1.87999999980092979967594146728516e-04
3808,1.97999999727471731603145599365234e-04
3809,2.18999999560764990746974945068359e-04
3810,2.19000000470259692519903182983398e-04
3811,2.16999999793188180774450302124023e-04
3812,2.16000000364147126674652099609375e-04
3813,2.16999999793188180774450302124023e-04
3814,2.16999999793188180774450302124023e-04
3815,2.10000000151921994984149932861328e-04
3816,1.95999999959894921630620956420898e-04
3817,1.92000000424741301685571670532227e-04
3818,1.87000000551051925867795944213867e-04
3819,1.92999999853782355785369873046875e-04
3820,1.91000000086205545812845230102539e-04
3821,1.92999999853782355785369873046875e-04
3822,1.89000000318628735840320587158203e-04
3823,1.92999999853782355785369873046875e-04
3824,1.94000000192318111658096313476562e-04
3825,1.91999999515246599912643432617188e-04
3826,1.89999999747669789940118789672852e-04
3827,1.91000000086205545812845230102539e-04
3828,1.87999999980092979967594146728516e-04
3829,2.07000000045809429138898849487305e-04
3830,2.16999999793188180774450302124023e-04
3831,2.13000000258034560829401016235352e-04
3832,2.21999999666877556592226028442383e-04
3833,2.21000000237836502492427825927734e-04
3834,2.16999999793188180774450302124023e-04
3835,2.19000000470259692519903182983398e-04
3836,1.95999999959894921630620956420898e-04
3837,1.92999999853782355785369873046875e-04
3838,1.89000000318628735840320587158203e-04
3839,1.90000000657164491713047027587891e-04
3840,1.90999999176710844039916992187500e-04
3841,1.89999999747669789940118789672852e-04
3842,1.92999999853782355785369873046875e-04
3843,1.95999999959894921630620956420898e-04
3844,1.89999999747669789940118789672852e-04
3845,1.89999999747669789940118789672852e-04
3846,1.94999999621359165757894515991211e-04
3847,1.91000000086205545812845230102539e-04
3848,1.91000000086205545812845230102539e-04
3849,1.99000000066007487475872039794922e-04
3850,2.19999999899300746619701385498047e-04
3851,2.19000000470259692519903182983398e-04
3852,2.15000000025611370801925659179688e-04
3853,2.19999999899300746619701385498047e-04
3854,2.21999999666877556592226028442383e-04
3855,2.19999999899300746619701385498047e-04
3856,2.10999999580963049083948135375977e-04
3857,1.94999999621359165757894515991211e-04
3858,1.95999999959894921630620956420898e-04
3859,1.91000000086205545812845230102539e-04
3860,1.92000000424741301685571670532227e-04
3861,1.89000000318628735840320587158203e-04
3862,1.91000000086205545812845230102539e-04
3863,1.89000000318628735840320587158203e-04
3864,1.89999999747669789940118789672852e-04
3865,1.92000000424741301685571670532227e-04
3866,1.93000000763277057558298110961914e-04
3867,1.92000000424741301685571670532227e-04
3868,1.92999999853782355785369873046875e-04
3869,1.89000000318628735840320587158203e-04
3870,2.08999999813386239111423492431641e-04
3871,2.23000000005413312464952468872070e-04
3872,2.20999999328341800719499588012695e-04
3873,2.16000000364147126674652099609375e-04
3874,2.15999999454652424901723861694336e-04
3875,2.11999999919498804956674575805664e-04
3876,2.22000000576372258365154266357422e-04
3877,2.03000000510655809193849563598633e-04
3878,1.99000000066007487475872039794922e-04
3879,1.97999999727471731603145599365234e-04
3880,1.92999999853782355785369873046875e-04
3881,1.94000000192318111658096313476562e-04
3882,1.97000000298430677503347396850586e-04
3883,1.92999999853782355785369873046875e-04
3884,1.90999999176710844039916992187500e-04
3885,1.95000000530853867530822753906250e-04
3886,1.91999999515246599912643432617188e-04
3887,1.96000000869389623403549194335938e-04
3888,1.91000000086205545812845230102539e-04
3889,1.92999999853782355785369873046875e-04
3890,2.03999999939696863293647766113281e-04
3891,2.18000000131723936647176742553711e-04
3892,2.24000000343949068337678909301758e-04
3893,2.23999999434454366564750671386719e-04
3894,2.21000000237836502492427825927734e-04
3895,2.19999999899300746619701385498047e-04
3896,2.23000000005413312464952468872070e-04
3897,2.11000000490457750856876373291016e-04
3898,2.00999999833584297448396682739258e-04
3899,1.91000000086205545812845230102539e-04
3900,1.92999999853782355785369873046875e-04
3901,1.95999999959894921630620956420898e-04
3902,1.94999999621359165757894515991211e-04
3903,1.91000000086205545812845230102539e-04
3904,1.91000000086205545812845230102539e-04
3905,1.92999999853782355785369873046875e-04
3906,1.95000000530853867530822753906250e-04
3907,1.94999999621359165757894515991211e-04
3908,1.94999999621359165757894515991211e-04
3909,1.94000000192318111658096313476562e-04
3910,1.89999999747669789940118789672852e-04
3911,2.13999999687075614929199218750000e-04
3912,2.18999999560764990746974945068359e-04
3913,2.24000000343949068337678909301758e-04
3914,2.21000000237836502492427825927734e-04
3915,2.21000000237836502492427825927734e-04
3916,2.18999999560764990746974945068359e-04
3917,2.22000000576372258365154266357422e-04
3918,2.00999999833584297448396682739258e-04
3919,1.95999999959894921630620956420898e-04
3920,1.99000000066007487475872039794922e-04
3921,1.95000000530853867530822753906250e-04
3922,1.95000000530853867530822753906250e-04
3923,1.97999999727471731603145599365234e-04
3924,1.94999999621359165757894515991211e-04
3925,1.95999999959894921630620956420898e-04
3926,1.96999999388935975730419158935547e-04
3927,1.97999999727471731603145599365234e-04
3928,1.97999999727471731603145599365234e-04
3929,1.95999999959894921630620956420898e-04
3930,1.92999999853782355785369873046875e-04
3931,2.13999999687075614929199218750000e-04
3932,2.19999999899300746619701385498047e-04
3933,2.21000000237836502492427825927734e-04
3934,2.23999999434454366564750671386719e-04
3935,2.26000000111525878310203552246094e-04
3936,2.24999999772990122437477111816406e-04
3937,2.22000000576372258365154266357422e-04
3938,2.02999999601161107420921325683594e-04
3939,2.02000000172120053321123123168945e-04
3940,1.99000000066007487475872039794922e-04
3941,1.95999999959894921630620956420898e-04
3942,1.97999999727471731603145599365234e-04
3943,1.95999999959894921630620956420898e-04
3944,1.95999999959894921630620956420898e-04
3945,1.95000000530853867530822753906250e-04
3946,1.93999999282823409885168075561523e-04
3947,1.97999999727471731603145599365234e-04
3948,1.95999999959894921630620956420898e-04
3949,1.95999999959894921630620956420898e-04
3950,1.98999999156512785702943801879883e-04
3951,2.15000000025611370801925659179688e-04
3952,2.17000000702682882547378540039062e-04
3953,2.21999999666877556592226028442383e-04
3954,2.21000000237836502492427825927734e-04
3955,2.26999999540566932410001754760742e-04
3956,2.24999999772990122437477111816406e-04
3957,2.23000000005413312464952468872070e-04
3958,1.99000000066007487475872039794922e-04
3959,1.99000000066007487475872039794922e-04
3960,1.99000000066007487475872039794922e-04
3961,1.97000000298430677503347396850586e-04
3962,1.94000000192318111658096313476562e-04
3963,1.97999999727471731603145599365234e-04
3964,2.00000000404543243348598480224609e-04
3965,1.96000000869389623403549194335938e-04
3966,1.97000000298430677503347396850586e-04
3967,1.97000000298430677503347396850586e-04
3968,1.99000000066007487475872039794922e-04
3969,1.97000000298430677503347396850586e-04
3970,1.97000000298430677503347396850586e-04
3971,2.20999999328341800719499588012695e-04
3972,2.23000000005413312464952468872070e-04
3973,2.24000000343949068337678909301758e-04
3974,2.32999999752792064100503921508789e-04
3975,2.26999999540566932410001754760742e-04
3976,2.23999999434454366564750671386719e-04
3977,2.19000000470259692519903182983398e-04
3978,2.03000000510655809193849563598633e-04
3979,2.03000000510655809193849563598633e-04
3980,1.99000000066007487475872039794922e-04
3981,1.97999999727471731603145599365234e-04
3982,1.99999999495048541575670242309570e-04
3983,1.99000000066007487475872039794922e-04
3984,1.99999999495048541575670242309570e-04
3985,1.99000000066007487475872039794922e-04
3986,1.95999999959894921630620956420898e-04
3987,1.99999999495048541575670242309570e-04
3988,1.97000000298430677503347396850586e-04
3989,1.97999999727471731603145599365234e-04
3990,2.04999999368737917393445968627930e-04
3991,2.24999999772990122437477111816406e-04
3992,2.23000000005413312464952468872070e-04
3993,2.26000000111525878310203552246094e-04
3994,2.27999999879102688282728195190430e-04
3995,2.30999999985215254127979278564453e-04
3996,2.24999999772990122437477111816406e-04
3997,2.14000000596570316702127456665039e-04
3998,2.04999999368737917393445968627930e-04
3999,1.99000000066007487475872039794922e-04
4000,2.00000000404543243348598480224609e-04
4001,1.95000000530853867530822753906250e-04
4002,1.99000000066007487475872039794922e-04
4003,2.03999999939696863293647766113281e-04
4004,2.03999999939696863293647766113281e-04
4005,1.99999999495048541575670242309570e-04
4006,2.02999999601161107420921325683594e-04
4007,1.95999999959894921630620956420898e-04
4008,1.97000000298430677503347396850586e-04
4009,1.95000000530853867530822753906250e-04
4010,2.07999999474850483238697052001953e-04
4011,2.33999999181833118200302124023438e-04
4012,2.24999999772990122437477111816406e-04
4013,2.28000000788597390055656433105469e-04
4014,2.28999999308143742382526397705078e-04
4015,2.26000000111525878310203552246094e-04
4016,2.29999999646679498255252838134766e-04
4017,2.13999999687075614929199218750000e-04
4018,2.02999999601161107420921325683594e-04
4019,2.03999999939696863293647766113281e-04
4020,1.99000000066007487475872039794922e-04
4021,2.06000000616768375039100646972656e-04
4022,2.02000000172120053321123123168945e-04
4023,1.99000000066007487475872039794922e-04
4024,2.03999999939696863293647766113281e-04
4025,1.99000000066007487475872039794922e-04
4026,1.99999999495048541575670242309570e-04
4027,2.02000000172120053321123123168945e-04
4028,2.00000000404543243348598480224609e-04
4029,2.02999999601161107420921325683594e-04
4030,2.21000000237836502492427825927734e-04
4031,2.31999999414256308227777481079102e-04
4032,2.34999999520368874073028564453125e-04
4033,2.27999999879102688282728195190430e-04
4034,2.32999999752792064100503921508789e-04
4035,2.29999999646679498255252838134766e-04
4036,2.24999999772990122437477111816406e-04
4037,2.08000000384345185011625289916992e-04
4038,2.04999999368737917393445968627930e-04
4039,2.02000000172120053321123123168945e-04
4040,2.03999999939696863293647766113281e-04
4041,2.00999999833584297448396682739258e-04
4042,2.02000000172120053321123123168945e-04
4043,2.03999999939696863293647766113281e-04
4044,2.02000000172120053321123123168945e-04
4045,2.00999999833584297448396682739258e-04
4046,2.02000000172120053321123123168945e-04
4047,1.97999999727471731603145599365234e-04
4048,2.02000000172120053321123123168945e-04
4049,2.05000000278232619166374206542969e-04
4050,2.27000000450061634182929992675781e-04
4051,2.27000000450061634182929992675781e-04
4052,2.27999999879102688282728195190430e-04
4053,2.33000000662286765873432159423828e-04
4054,2.31999999414256308227777481079102e-04
4055,2.35999999858904629945755004882812e-04
4056,2.16000000364147126674652099609375e-04
4057,2.03999999939696863293647766113281e-04
4058,2.03999999939696863293647766113281e-04
4059,1.99999999495048541575670242309570e-04
4060,2.02999999601161107420921325683594e-04
4061,2.05000000278232619166374206542969e-04
4062,2.02999999601161107420921325683594e-04
4063,2.02000000172120053321123123168945e-04
4064,2.03000000510655809193849563598633e-04
4065,2.02000000172120053321123123168945e-04
4066,2.04999999368737917393445968627930e-04
4067,1.99999999495048541575670242309570e-04
4068,2.03999999939696863293647766113281e-04
4069,2.21999999666877556592226028442383e-04
4070,2.25999999202031176537275314331055e-04
4071,2.32999999752792064100503921508789e-04
4072,2.32999999752792064100503921508789e-04
4073,2.35999999858904629945755004882812e-04
4074,2.33000000662286765873432159423828e-04
4075,2.23000000005413312464952468872070e-04
4076,2.05999999707273673266172409057617e-04
4077,2.08999999813386239111423492431641e-04
4078,2.03000000510655809193849563598633e-04
4079,2.07000000045809429138898849487305e-04
4080,1.99000000066007487475872039794922e-04
4081,2.03999999939696863293647766113281e-04
4082,2.00999999833584297448396682739258e-04
4083,1.97000000298430677503347396850586e-04
4084,1.99999999495048541575670242309570e-04
4085,2.04000000849191565066576004028320e-04
4086,2.05999999707273673266172409057617e-04
4087,2.05999999707273673266172409057617e-04
4088,2.19000000470259692519903182983398e-04
4089,2.32999999752792064100503921508789e-04
4090,2.30000000556174200028181076049805e-04
4091,2.32000000323751010000705718994141e-04
4092,2.40999999732594005763530731201172e-04
4093,2.33999999181833118200302124023438e-04
4094,2.32999999752792064100503921508789e-04
4095,2.08999999813386239111423492431641e-04
4096,2.02999999601161107420921325683594e-04
4097,2.07000000045809429138898849487305e-04
4098,2.08999999813386239111423492431641e-04
4099,2.05999999707273673266172409057617e-04
4100,2.07000000045809429138898849487305e-04
4101,2.05999999707273673266172409057617e-04
4102,1.97999999727471731603145599365234e-04
4103,2.00999999833584297448396682739258e-04
4104,2.03999999939696863293647766113281e-04
4105,2.07000000045809429138898849487305e-04
4106,1.99000000066007487475872039794922e-04
4107,2.13999999687075614929199218750000e-04
4108,2.31999999414256308227777481079102e-04
4109,2.30999999985215254127979278564453e-04
4110,2.37000000197440385818481445312500e-04
4111,2.29999999646679498255252838134766e-04
4112,2.36999999287945684045553207397461e-04
4113,2.32999999752792064100503921508789e-04
4114,2.15000000025611370801925659179688e-04
4115,2.10000000151921994984149932861328e-04
4116,2.07000000045809429138898849487305e-04
4117,2.08000000384345185011625289916992e-04
4118,2.07000000045809429138898849487305e-04
4119,2.05999999707273673266172409057617e-04
4120,2.03999999939696863293647766113281e-04
4121,2.03999999939696863293647766113281e-04
4122,2.05999999707273673266172409057617e-04
4123,2.06000000616768375039100646972656e-04
4124,2.03999999939696863293647766113281e-04
4125,2.02999999601161107420921325683594e-04
4126,2.07999999474850483238697052001953e-04
4127,2.30999999985215254127979278564453e-04
4128,2.32000000323751010000705718994141e-04
4129,2.37000000197440385818481445312500e-04
4130,2.32000000323751010000705718994141e-04
4131,2.38999999965017195791006088256836e-04
4132,2.32999999752792064100503921508789e-04
4133,2.19000000470259692519903182983398e-04
4134,2.08000000384345185011625289916992e-04
4135,2.07000000045809429138898849487305e-04
4136,2.10000000151921994984149932861328e-04
4137,2.05000000278232619166374206542969e-04
4138,2.07000000045809429138898849487305e-04
4139,2.05999999707273673266172409057617e-04
4140,2.03999999939696863293647766113281e-04
4141,2.09000000722880940884351730346680e-04
4142,2.05999999707273673266172409057617e-04
4143,2.03999999939696863293647766113281e-04
4144,2.07000000045809429138898849487305e-04
4145,2.07000000045809429138898849487305e-04
4146,2.27000000450061634182929992675781e-04
4147,2.33000000662286765873432159423828e-04
4148,2.35000000429863575845956802368164e-04
4149,2.37000000197440385818481445312500e-04
4150,2.31999999414256308227777481079102e-04
4151,2.38999999965017195791006088256836e-04
4152,2.23000000005413312464952468872070e-04
4153,2.10999999580963049083948135375977e-04
4154,2.11999999919498804956674575805664e-04
4155,2.05999999707273673266172409057617e-04
4156,2.05000000278232619166374206542969e-04
4157,2.03999999939696863293647766113281e-04
4158,2.08000000384345185011625289916992e-04
4159,2.10000000151921994984149932861328e-04
4160,2.07000000045809429138898849487305e-04
4161,2.07000000045809429138898849487305e-04
4162,2.04999999368737917393445968627930e-04
4163,2.03000000510655809193849563598633e-04
4164,2.05000000278232619166374206542969e-04
4165,2.23000000005413312464952468872070e-04
4166,2.35000000429863575845956802368164e-04
4167,2.43000000409665517508983612060547e-04
4168,2.37000000197440385818481445312500e-04
4169,2.44999999267747625708580017089844e-04
4170,2.38999999965017195791006088256836e-04
4171,2.29999999646679498255252838134766e-04
4172,2.12999999348539859056472778320312e-04
4173,2.11999999919498804956674575805664e-04
4174,2.13000000258034560829401016235352e-04
4175,2.08999999813386239111423492431641e-04
4176,2.10000000151921994984149932861328e-04
4177,2.14000000596570316702127456665039e-04
4178,2.10000000151921994984149932861328e-04
4179,2.07000000045809429138898849487305e-04
4180,2.11999999919498804956674575805664e-04
4181,2.12000000828993506729602813720703e-04
4182,2.11999999919498804956674575805664e-04
4183,2.10000000151921994984149932861328e-04
4184,2.29999999646679498255252838134766e-04
4185,2.34999999520368874073028564453125e-04
4186,2.38999999965017195791006088256836e-04
4187,2.43000000409665517508983612060547e-04
4188,2.42000000071129761636257171630859e-04
4189,2.37000000197440385818481445312500e-04
4190,2.27999999879102688282728195190430e-04
4191,2.14000000596570316702127456665039e-04
4192,2.12000000828993506729602813720703e-04
4193,2.11999999919498804956674575805664e-04
4194,2.07999999474850483238697052001953e-04
4195,2.13999999687075614929199218750000e-04
4196,2.09999999242427293211221694946289e-04
4197,2.10000000151921994984149932861328e-04
4198,2.07000000045809429138898849487305e-04
4199,2.09000000722880940884351730346680e-04
4200,2.07000000045809429138898849487305e-04
4201,2.03999999939696863293647766113281e-04
4202,2.13000000258034560829401016235352e-04
4203,2.40000000303552951663732528686523e-04
4204,2.36000000768399331718683242797852e-04
4205,2.37000000197440385818481445312500e-04
4206,2.37000000197440385818481445312500e-04
4207,2.40000000303552951663732528686523e-04
4208,2.40000000303552951663732528686523e-04
4209,2.19000000470259692519903182983398e-04
4210,2.08000000384345185011625289916992e-04
4211,2.13000000258034560829401016235352e-04
4212,2.15999999454652424901723861694336e-04
4213,2.11999999919498804956674575805664e-04
4214,2.08000000384345185011625289916992e-04
4215,2.11000000490457750856876373291016e-04
4216,2.14000000596570316702127456665039e-04
4217,2.13999999687075614929199218750000e-04
4218,2.11999999919498804956674575805664e-04
4219,2.08999999813386239111423492431641e-04
4220,2.15000000025611370801925659179688e-04
4221,2.27999999879102688282728195190430e-04
4222,2.48999999712395947426557540893555e-04
4223,2.45000000177242327481508255004883e-04
4224,2.42999999500170815736055374145508e-04
4225,2.39999999394058249890804290771484e-04
4226,2.40999999732594005763530731201172e-04
4227,2.36000000768399331718683242797852e-04
4228,2.11999999919498804956674575805664e-04
4229,2.10000000151921994984149932861328e-04
4230,2.08999999813386239111423492431641e-04
4231,2.10000000151921994984149932861328e-04
4232,2.15000000025611370801925659179688e-04
4233,2.11999999919498804956674575805664e-04
4234,2.11999999919498804956674575805664e-04
4235,2.13000000258034560829401016235352e-04
4236,2.11999999919498804956674575805664e-04
4237,2.11999999919498804956674575805664e-04
4238,2.11999999919498804956674575805664e-04
4239,2.11999999919498804956674575805664e-04
4240,2.40999999732594005763530731201172e-04
4241,2.43000000409665517508983612060547e-04
4242,2.41000000642088707536458969116211e-04
4243,2.41999999161635059863328933715820e-04
4244,2.43000000409665517508983612060547e-04
4245,2.40999999732594005763530731201172e-04
4246,2.23999999434454366564750671386719e-04
4247,2.16999999793188180774450302124023e-04
4248,2.11999999919498804956674575805664e-04
4249,2.11000000490457750856876373291016e-04
4250,2.11000000490457750856876373291016e-04
4251,2.14000000596570316702127456665039e-04
4252,2.15000000025611370801925659179688e-04
4253,2.10999999580963049083948135375977e-04
4254,2.12999999348539859056472778320312e-04
4255,2.11999999919498804956674575805664e-04
4256,2.12999999348539859056472778320312e-04
4257,2.11999999919498804956674575805664e-04
4258,2.23000000005413312464952468872070e-04
4259,2.45999999606283381581306457519531e-04
4260,2.42000000071129761636257171630859e-04
4261,2.40000000303552951663732528686523e-04
4262,2.47999999373860191553831100463867e-04
4263,2.43999999838706571608781814575195e-04
4264,2.37999999626481439918279647827148e-04
4265,2.20999999328341800719499588012695e-04
4266,2.16999999793188180774450302124023e-04
4267,2.17999999222229234874248504638672e-04
4268,2.16000000364147126674652099609375e-04
4269,2.11999999919498804956674575805664e-04
4270,2.11999999919498804956674575805664e-04
4271,2.11999999919498804956674575805664e-04
4272,2.17999999222229234874248504638672e-04
4273,2.11999999919498804956674575805664e-04
4274,2.13000000258034560829401016235352e-04
4275,2.13000000258034560829401016235352e-04
4276,2.13000000258034560829401016235352e-04
4277,2.41000000642088707536458969116211e-04
4278,2.46000000515778083354234695434570e-04
4279,2.43999999838706571608781814575195e-04
4280,2.43000000409665517508983612060547e-04
4281,2.43000000409665517508983612060547e-04
4282,2.45000000177242327481508255004883e-04
4283,2.27000000450061634182929992675781e-04
4284,2.18000000131723936647176742553711e-04
4285,2.11999999919498804956674575805664e-04
4286,2.11999999919498804956674575805664e-04
4287,2.16999999793188180774450302124023e-04
4288,2.15000000025611370801925659179688e-04
4289,2.10000000151921994984149932861328e-04
4290,2.13000000258034560829401016235352e-04
4291,2.12999999348539859056472778320312e-04
4292,2.10999999580963049083948135375977e-04
4293,2.10999999580963049083948135375977e-04
4294,2.13000000258034560829401016235352e-04
4295,2.24999999772990122437477111816406e-04
4296,2.45000000177242327481508255004883e-04
4297,2.43999999838706571608781814575195e-04
4298,2.49000000621890649199485778808594e-04
4299,2.50999999479972757399082183837891e-04
4300,2.46999999944819137454032897949219e-04
4301,2.38999999965017195791006088256836e-04
4302,2.21000000237836502492427825927734e-04
4303,2.16000000364147126674652099609375e-04
4304,2.12999999348539859056472778320312e-04
4305,2.08999999813386239111423492431641e-04
4306,2.11999999919498804956674575805664e-04
4307,2.13999999687075614929199218750000e-04
4308,2.11999999919498804956674575805664e-04
4309,2.15000000025611370801925659179688e-04
4310,2.13999999687075614929199218750000e-04
4311,2.17999999222229234874248504638672e-04
4312,2.20999999328341800719499588012695e-04
4313,2.19999999899300746619701385498047e-04
4314,2.46999999944819137454032897949219e-04
4315,2.46999999944819137454032897949219e-04
4316,2.42999999500170815736055374145508e-04
4317,2.46000000515778083354234695434570e-04
4318,2.45000000177242327481508255004883e-04
4319,2.47999999373860191553831100463867e-04
4320,2.21000000237836502492427825927734e-04
4321,2.21000000237836502492427825927734e-04
4322,2.16999999793188180774450302124023e-04
4323,2.12999999348539859056472778320312e-04
4324,2.16000000364147126674652099609375e-04
4325,2.15000000025611370801925659179688e-04
4326,2.16999999793188180774450302124023e-04
4327,2.13999999687075614929199218750000e-04
4328,2.13999999687075614929199218750000e-04
4329,2.17000000702682882547378540039062e-04
4330,2.16999999793188180774450302124023e-04
4331,2.16999999793188180774450302124023e-04
4332,2.42000000071129761636257171630859e-04
4333,2.44999999267747625708580017089844e-04
4334,2.50000000050931703299283981323242e-04
4335,2.45000000177242327481508255004883e-04
4336,2.48000000283354893326759338378906e-04
4337,2.44000000748201273381710052490234e-04
4338,2.25000000682484824210405349731445e-04
4339,2.17999999222229234874248504638672e-04
4340,2.12999999348539859056472778320312e-04
4341,2.15000000025611370801925659179688e-04
4342,2.16999999793188180774450302124023e-04
4343,2.16999999793188180774450302124023e-04
4344,2.18000000131723936647176742553711e-04
4345,2.15999999454652424901723861694336e-04
4346,2.21000000237836502492427825927734e-04
4347,2.17000000702682882547378540039062e-04
4348,2.16999999793188180774450302124023e-04
4349,2.16999999793188180774450302124023e-04
4350,2.31999999414256308227777481079102e-04
4351,2.47999999373860191553831100463867e-04
4352,2.45000000177242327481508255004883e-04
4353,2.51999999818508513271808624267578e-04
4354,2.46999999944819137454032897949219e-04
4355,2.43000000409665517508983612060547e-04
4356,2.34999999520368874073028564453125e-04
4357,2.23000000005413312464952468872070e-04
4358,2.19999999899300746619701385498047e-04
4359,2.13999999687075614929199218750000e-04
4360,2.18000000131723936647176742553711e-04
4361,2.13999999687075614929199218750000e-04
4362,2.13000000258034560829401016235352e-04
4363,2.21999999666877556592226028442383e-04
4364,2.18000000131723936647176742553711e-04
4365,2.19999999899300746619701385498047e-04
4366,2.18999999560764990746974945068359e-04
4367,2.19000000470259692519903182983398e-04
4368,2.31999999414256308227777481079102e-04
4369,2.42999999500170815736055374145508e-04
4370,2.50000000050931703299283981323242e-04
4371,2.49000000621890649199485778808594e-04
4372,2.50999999479972757399082183837891e-04
4373,2.51000000389467459172010421752930e-04
4374,2.35999999858904629945755004882812e-04
4375,2.23000000005413312464952468872070e-04
4376,2.19999999899300746619701385498047e-04
4377,2.19000000470259692519903182983398e-04
4378,2.15999999454652424901723861694336e-04
4379,2.15999999454652424901723861694336e-04
4380,2.21000000237836502492427825927734e-04
4381,2.15999999454652424901723861694336e-04
4382,2.19999999899300746619701385498047e-04
4383,2.19999999899300746619701385498047e-04
4384,2.15999999454652424901723861694336e-04
4385,2.21999999666877556592226028442383e-04
4386,2.30999999985215254127979278564453e-04
4387,2.51000000389467459172010421752930e-04
4388,2.50999999479972757399082183837891e-04
4389,2.51999999818508513271808624267578e-04
4390,2.46999999944819137454032897949219e-04
4391,2.50000000050931703299283981323242e-04
4392,2.42999999500170815736055374145508e-04
4393,2.19999999899300746619701385498047e-04
4394,2.18000000131723936647176742553711e-04
4395,2.15999999454652424901723861694336e-04
4396,2.15999999454652424901723861694336e-04
4397,2.21999999666877556592226028442383e-04
4398,2.15999999454652424901723861694336e-04
4399,2.18000000131723936647176742553711e-04
4400,2.22000000576372258365154266357422e-04
4401,2.18000000131723936647176742553711e-04
4402,2.24000000343949068337678909301758e-04
4403,2.18000000131723936647176742553711e-04
4404,2.35999999858904629945755004882812e-04
4405,2.54000000495580025017261505126953e-04
4406,2.51000000389467459172010421752930e-04
4407,2.46000000515778083354234695434570e-04
4408,2.51999999818508513271808624267578e-04
4409,2.50999999479972757399082183837891e-04
4410,2.42000000071129761636257171630859e-04
4411,2.21000000237836502492427825927734e-04
4412,2.18999999560764990746974945068359e-04
4413,2.21999999666877556592226028442383e-04
4414,2.24999999772990122437477111816406e-04
4415,2.21000000237836502492427825927734e-04
4416,2.19999999899300746619701385498047e-04
4417,2.19000000470259692519903182983398e-04
4418,2.21000000237836502492427825927734e-04
4419,2.27999999879102688282728195190430e-04
4420,2.25000000682484824210405349731445e-04
4421,2.30000000556174200028181076049805e-04
4422,2.42000000071129761636257171630859e-04
4423,2.53000000157044269144535064697266e-04
4424,2.48999999712395947426557540893555e-04
4425,2.55999999353662133216857910156250e-04
4426,2.59000000369269400835037231445312e-04
4427,2.48999999712395947426557540893555e-04
4428,2.40999999732594005763530731201172e-04
4429,2.21000000237836502492427825927734e-04
4430,2.24000000343949068337678909301758e-04
4431,2.23000000005413312464952468872070e-04
4432,2.23999999434454366564750671386719e-04
4433,2.24999999772990122437477111816406e-04
4434,2.23000000005413312464952468872070e-04
4435,2.18999999560764990746974945068359e-04
4436,2.19000000470259692519903182983398e-04
4437,2.23000000005413312464952468872070e-04
4438,2.19999999899300746619701385498047e-04
4439,2.21000000237836502492427825927734e-04
4440,2.40000000303552951663732528686523e-04
4441,2.53999999586085323244333267211914e-04
4442,2.48000000283354893326759338378906e-04
4443,2.53999999586085323244333267211914e-04
4444,2.52000000728003215044736862182617e-04
4445,2.54999999924621079117059707641602e-04
4446,2.30000000556174200028181076049805e-04
4447,2.29000000217638444155454635620117e-04
4448,2.19000000470259692519903182983398e-04
4449,2.23999999434454366564750671386719e-04
4450,2.19999999899300746619701385498047e-04
4451,2.23000000005413312464952468872070e-04
4452,2.25000000682484824210405349731445e-04
4453,2.18000000131723936647176742553711e-04
4454,2.23000000005413312464952468872070e-04
4455,2.23000000005413312464952468872070e-04
4456,2.24999999772990122437477111816406e-04
4457,2.23000000005413312464952468872070e-04
4458,2.45999999606283381581306457519531e-04
4459,2.58000000030733644962310791015625e-04
4460,2.56000000263156834989786148071289e-04
4461,2.53000000157044269144535064697266e-04
4462,2.59000000369269400835037231445312e-04
4463,2.51999999818508513271808624267578e-04
4464,2.33999999181833118200302124023438e-04
4465,2.24999999772990122437477111816406e-04
4466,2.25999999202031176537275314331055e-04
4467,2.26000000111525878310203552246094e-04
4468,2.24999999772990122437477111816406e-04
4469,2.24999999772990122437477111816406e-04
4470,2.24000000343949068337678909301758e-04
4471,2.28000000788597390055656433105469e-04
4472,2.24999999772990122437477111816406e-04
4473,2.23999999434454366564750671386719e-04
4474,2.21000000237836502492427825927734e-04
4475,2.30999999985215254127979278564453e-04
4476,2.54999999924621079117059707641602e-04
4477,2.53000000157044269144535064697266e-04
4478,2.56000000263156834989786148071289e-04
4479,2.53999999586085323244333267211914e-04
4480,2.53999999586085323244333267211914e-04
4481,2.45000000177242327481508255004883e-04
4482,2.24999999772990122437477111816406e-04
4483,2.28999999308143742382526397705078e-04
4484,2.24000000343949068337678909301758e-04
4485,2.23000000005413312464952468872070e-04
4486,2.24000000343949068337678909301758e-04
4487,2.23999999434454366564750671386719e-04
4488,2.24000000343949068337678909301758e-04
4489,2.29000000217638444155454635620117e-04
4490,2.27999999879102688282728195190430e-04
4491,2.22000000576372258365154266357422e-04
4492,2.23000000005413312464952468872070e-04
4493,2.42999999500170815736055374145508e-04
4494,2.59000000369269400835037231445312e-04
4495,2.61999999565887264907360076904297e-04
4496,2.54999999924621079117059707641602e-04
4497,2.59000000369269400835037231445312e-04
4498,2.50000000050931703299283981323242e-04
4499,2.33000000662286765873432159423828e-04
4500,2.26000000111525878310203552246094e-04
4501,2.26000000111525878310203552246094e-04
4502,2.23000000005413312464952468872070e-04
4503,2.26000000111525878310203552246094e-04
4504,2.30999999985215254127979278564453e-04
4505,2.25000000682484824210405349731445e-04
4506,2.19999999899300746619701385498047e-04
4507,2.24999999772990122437477111816406e-04
4508,2.24000000343949068337678909301758e-04
4509,2.33000000662286765873432159423828e-04
4510,2.30000000556174200028181076049805e-04
4511,2.58999999459774699062108993530273e-04
4512,2.51000000389467459172010421752930e-04
4513,2.59000000369269400835037231445312e-04
4514,2.59999999798310454934835433959961e-04
4515,2.53000000157044269144535064697266e-04
4516,2.57000000601692590862512588500977e-04
4517,2.27999999879102688282728195190430e-04
4518,2.27999999879102688282728195190430e-04
4519,2.23999999434454366564750671386719e-04
4520,2.23000000005413312464952468872070e-04
4521,2.23000000005413312464952468872070e-04
4522,2.26000000111525878310203552246094e-04
4523,2.27999999879102688282728195190430e-04
4524,2.25999999202031176537275314331055e-04
4525,2.24999999772990122437477111816406e-04
4526,2.26000000111525878310203552246094e-04
4527,2.26000000111525878310203552246094e-04
4528,2.49999999141437001526355743408203e-04
4529,2.66000000010535586625337600708008e-04
4530,2.58999999459774699062108993530273e-04
4531,2.61999999565887264907360076904297e-04
4532,2.63999999333464074879884719848633e-04
4533,2.61000000136846210807561874389648e-04
4534,2.37999999626481439918279647827148e-04
4535,2.29000000217638444155454635620117e-04
4536,2.30000000556174200028181076049805e-04
4537,2.27000000450061634182929992675781e-04
4538,2.27000000450061634182929992675781e-04
4539,2.24999999772990122437477111816406e-04
4540,2.30000000556174200028181076049805e-04
4541,2.24999999772990122437477111816406e-04
4542,2.26999999540566932410001754760742e-04
4543,2.25999999202031176537275314331055e-04
4544,2.30999999985215254127979278564453e-04
4545,2.28999999308143742382526397705078e-04
4546,2.50999999479972757399082183837891e-04
4547,2.67000000349071342498064041137695e-04
4548,2.59999999798310454934835433959961e-04
4549,2.59000000369269400835037231445312e-04
4550,2.56999999692197889089584350585938e-04
4551,2.56000000263156834989786148071289e-04
4552,2.30999999985215254127979278564453e-04
4553,2.30999999985215254127979278564453e-04
4554,2.27999999879102688282728195190430e-04
4555,2.27999999879102688282728195190430e-04
4556,2.29000000217638444155454635620117e-04
4557,2.26000000111525878310203552246094e-04
4558,2.27999999879102688282728195190430e-04
4559,2.23000000005413312464952468872070e-04
4560,2.26000000111525878310203552246094e-04
4561,2.26000000111525878310203552246094e-04
4562,2.27999999879102688282728195190430e-04
4563,2.50000000050931703299283981323242e-04
4564,2.55999999353662133216857910156250e-04
4565,2.59999999798310454934835433959961e-04
4566,2.56000000263156834989786148071289e-04
4567,2.66000000010535586625337600708008e-04
4568,2.58000000030733644962310791015625e-04
4569,2.34000000091327819973230361938477e-04
4570,2.28000000788597390055656433105469e-04
4571,2.27999999879102688282728195190430e-04
4572,2.26999999540566932410001754760742e-04
4573,2.25000000682484824210405349731445e-04
4574,2.27999999879102688282728195190430e-04
4575,2.26000000111525878310203552246094e-04
4576,2.27999999879102688282728195190430e-04
4577,2.29000000217638444155454635620117e-04
4578,2.27999999879102688282728195190430e-04
4579,2.29000000217638444155454635620117e-04
4580,2.47999999373860191553831100463867e-04
4581,2.62999999904423020780086517333984e-04
4582,2.58000000030733644962310791015625e-04
4583,2.61000000136846210807561874389648e-04
4584,2.62999999904423020780086517333984e-04
4585,2.61000000136846210807561874389648e-04
4586,2.37000000197440385818481445312500e-04
4587,2.30000000556174200028181076049805e-04
4588,2.30999999985215254127979278564453e-04
4589,2.27999999879102688282728195190430e-04
4590,2.32000000323751010000705718994141e-04
4591,2.29000000217638444155454635620117e-04
4592,2.28999999308143742382526397705078e-04
4593,2.33000000662286765873432159423828e-04
4594,2.29000000217638444155454635620117e-04
4595,2.32999999752792064100503921508789e-04
4596,2.23999999434454366564750671386719e-04
4597,2.39999999394058249890804290771484e-04
4598,2.62999999904423020780086517333984e-04
4599,2.66000000010535586625337600708008e-04
4600,2.63999999333464074879884719848633e-04
4601,2.58000000030733644962310791015625e-04
4602,2.62000000475381966680288314819336e-04
4603,2.43000000409665517508983612060547e-04
4604,2.32999999752792064100503921508789e-04
4605,2.32000000323751010000705718994141e-04
4606,2.34000000091327819973230361938477e-04
4607,2.26000000111525878310203552246094e-04
4608,2.27999999879102688282728195190430e-04
4609,2.30999999985215254127979278564453e-04
4610,2.30000000556174200028181076049805e-04
4611,2.24000000343949068337678909301758e-04
4612,2.30999999985215254127979278564453e-04
4613,2.29000000217638444155454635620117e-04
4614,2.31999999414256308227777481079102e-04
4615,2.61999999565887264907360076904297e-04
4616,2.59999999798310454934835433959961e-04
4617,2.63999999333464074879884719848633e-04
4618,2.64999999671999830752611160278320e-04
4619,2.60000000707805156707763671875000e-04
4620,2.58000000030733644962310791015625e-04
4621,2.32000000323751010000705718994141e-04
4622,2.30000000556174200028181076049805e-04
4623,2.30999999985215254127979278564453e-04
4624,2.30000000556174200028181076049805e-04
4625,2.27999999879102688282728195190430e-04
4626,2.32999999752792064100503921508789e-04
4627,2.31999999414256308227777481079102e-04
4628,2.30999999985215254127979278564453e-04
4629,2.31999999414256308227777481079102e-04
4630,2.24000000343949068337678909301758e-04
4631,2.30999999985215254127979278564453e-04
4632,2.62000000475381966680288314819336e-04
4633,2.67000000349071342498064041137695e-04
4634,2.67999999778112396597862243652344e-04
4635,2.66000000010535586625337600708008e-04
4636,2.63999999333464074879884719848633e-04
4637,2.54999999924621079117059707641602e-04
4638,2.39999999394058249890804290771484e-04
4639,2.32999999752792064100503921508789e-04
4640,2.32000000323751010000705718994141e-04
4641,2.35000000429863575845956802368164e-04
4642,2.34000000091327819973230361938477e-04
4643,2.32000000323751010000705718994141e-04
4644,2.37000000197440385818481445312500e-04
4645,2.29000000217638444155454635620117e-04
4646,2.29000000217638444155454635620117e-04
4647,2.32000000323751010000705718994141e-04
4648,2.38999999965017195791006088256836e-04
4649,2.61000000136846210807561874389648e-04
4650,2.65000000581494532525539398193359e-04
4651,2.66000000010535586625337600708008e-04
4652,2.64000000242958776652812957763672e-04
4653,2.66000000010535586625337600708008e-04
4654,2.58999999459774699062108993530273e-04
4655,2.32000000323751010000705718994141e-04
4656,2.32999999752792064100503921508789e-04
4657,2.34000000091327819973230361938477e-04
4658,2.32999999752792064100503921508789e-04
4659,2.36000000768399331718683242797852e-04
4660,2.32000000323751010000705718994141e-04
4661,2.34999999520368874073028564453125e-04
4662,2.37000000197440385818481445312500e-04
4663,2.30999999985215254127979278564453e-04
4664,2.33000000662286765873432159423828e-04
4665,2.34999999520368874073028564453125e-04
4666,2.63999999333464074879884719848633e-04
4667,2.72999999651801772415637969970703e-04
4668,2.72000000222760718315839767456055e-04
4669,2.70999999884224962443113327026367e-04
4670,2.66999999439576640725135803222656e-04
4671,2.58000000030733644962310791015625e-04
4672,2.36999999287945684045553207397461e-04
4673,2.30999999985215254127979278564453e-04
4674,2.34000000091327819973230361938477e-04
4675,2.33999999181833118200302124023438e-04
4676,2.33999999181833118200302124023438e-04
4677,2.34000000091327819973230361938477e-04
4678,2.29999999646679498255252838134766e-04
4679,2.35000000429863575845956802368164e-04
4680,2.37000000197440385818481445312500e-04
4681,2.29999999646679498255252838134766e-04
4682,2.42000000071129761636257171630859e-04
4683,2.62000000475381966680288314819336e-04
4684,2.66000000010535586625337600708008e-04
4685,2.67999999778112396597862243652344e-04
4686,2.66000000010535586625337600708008e-04
4687,2.69999999545689206570386886596680e-04
4688,2.51999999818508513271808624267578e-04
4689,2.33999999181833118200302124023438e-04
4690,2.34999999520368874073028564453125e-04
4691,2.37000000197440385818481445312500e-04
4692,2.35999999858904629945755004882812e-04
4693,2.35999999858904629945755004882812e-04
4694,2.32999999752792064100503921508789e-04
4695,2.32000000323751010000705718994141e-04
4696,2.32999999752792064100503921508789e-04
4697,2.29999999646679498255252838134766e-04
4698,2.35999999858904629945755004882812e-04
4699,2.43000000409665517508983612060547e-04
4700,2.72000000222760718315839767456055e-04
4701,2.66000000010535586625337600708008e-04
4702,2.71999999313266016542911529541016e-04
4703,2.66000000010535586625337600708008e-04
4704,2.69999999545689206570386886596680e-04
4705,2.51000000389467459172010421752930e-04
4706,2.37000000197440385818481445312500e-04
4707,2.37000000197440385818481445312500e-04
4708,2.36999999287945684045553207397461e-04
4709,2.35000000429863575845956802368164e-04
4710,2.37000000197440385818481445312500e-04
4711,2.38999999965017195791006088256836e-04
4712,2.35000000429863575845956802368164e-04
4713,2.35000000429863575845956802368164e-04
4714,2.34000000091327819973230361938477e-04
4715,2.35000000429863575845956802368164e-04
4716,2.59999999798310454934835433959961e-04
4717,2.73999999990337528288364410400391e-04
4718,2.75000000328873284161090850830078e-04
4719,2.67000000349071342498064041137695e-04
4720,2.69999999545689206570386886596680e-04
4721,2.66999999439576640725135803222656e-04
4722,2.48999999712395947426557540893555e-04
4723,2.32999999752792064100503921508789e-04
4724,2.37000000197440385818481445312500e-04
4725,2.32999999752792064100503921508789e-04
4726,2.34999999520368874073028564453125e-04
4727,2.37000000197440385818481445312500e-04
4728,2.35999999858904629945755004882812e-04
4729,2.35999999858904629945755004882812e-04
4730,2.34999999520368874073028564453125e-04
4731,2.35999999858904629945755004882812e-04
4732,2.36999999287945684045553207397461e-04
4733,2.60000000707805156707763671875000e-04
4734,2.73999999990337528288364410400391e-04
4735,2.71000000793719664216041564941406e-04
4736,2.73999999990337528288364410400391e-04
4737,2.73999999990337528288364410400391e-04
4738,2.67999999778112396597862243652344e-04
4739,2.40999999732594005763530731201172e-04
4740,2.42999999500170815736055374145508e-04
4741,2.40000000303552951663732528686523e-04
4742,2.37000000197440385818481445312500e-04
4743,2.35999999858904629945755004882812e-04
4744,2.40000000303552951663732528686523e-04
4745,2.40000000303552951663732528686523e-04
4746,2.35999999858904629945755004882812e-04
4747,2.42000000071129761636257171630859e-04
4748,2.38999999965017195791006088256836e-04
4749,2.43999999838706571608781814575195e-04
4750,2.64999999671999830752611160278320e-04
4751,2.69000000116648152470588684082031e-04
4752,2.71000000793719664216041564941406e-04
4753,2.72000000222760718315839767456055e-04
4754,2.70000000455183908343315124511719e-04
4755,2.50000000050931703299283981323242e-04
4756,2.45000000177242327481508255004883e-04
4757,2.34000000091327819973230361938477e-04
4758,2.38999999965017195791006088256836e-04
4759,2.40000000303552951663732528686523e-04
4760,2.34999999520368874073028564453125e-04
4761,2.38000000535976141691207885742188e-04
4762,2.37999999626481439918279647827148e-04
4763,2.38999999965017195791006088256836e-04
4764,2.37000000197440385818481445312500e-04
4765,2.42000000071129761636257171630859e-04
4766,2.64999999671999830752611160278320e-04
4767,2.78000000434985850006341934204102e-04
4768,2.73999999990337528288364410400391e-04
4769,2.75000000328873284161090850830078e-04
4770,2.70000000455183908343315124511719e-04
4771,2.73000000561296474188566207885742e-04
4772,2.46000000515778083354234695434570e-04
4773,2.40000000303552951663732528686523e-04
4774,2.35999999858904629945755004882812e-04
4775,2.38999999965017195791006088256836e-04
4776,2.41000000642088707536458969116211e-04
4777,2.40000000303552951663732528686523e-04
4778,2.38999999965017195791006088256836e-04
4779,2.37000000197440385818481445312500e-04
4780,2.38000000535976141691207885742188e-04
4781,2.41000000642088707536458969116211e-04
4782,2.37000000197440385818481445312500e-04
4783,2.73000000561296474188566207885742e-04
4784,2.72000000222760718315839767456055e-04
4785,2.77999999525491148233413696289062e-04
4786,2.75999999757914338260889053344727e-04
4787,2.77000000096450094133615493774414e-04
4788,2.53999999586085323244333267211914e-04
4789,2.40999999732594005763530731201172e-04
4790,2.38000000535976141691207885742188e-04
4791,2.38000000535976141691207885742188e-04
4792,2.38999999965017195791006088256836e-04
4793,2.42000000071129761636257171630859e-04
4794,2.43000000409665517508983612060547e-04
4795,2.41000000642088707536458969116211e-04
4796,2.40999999732594005763530731201172e-04
4797,2.40999999732594005763530731201172e-04
4798,2.39999999394058249890804290771484e-04
4799,2.67000000349071342498064041137695e-04
4800,2.72000000222760718315839767456055e-04
4801,2.75999999757914338260889053344727e-04
4802,2.73999999990337528288364410400391e-04
4803,2.70999999884224962443113327026367e-04
4804,2.78999999864026904106140136718750e-04
4805,2.45999999606283381581306457519531e-04
4806,2.41000000642088707536458969116211e-04
4807,2.40999999732594005763530731201172e-04
4808,2.35999999858904629945755004882812e-04
4809,2.43999999838706571608781814575195e-04
4810,2.35999999858904629945755004882812e-04
4811,2.42000000071129761636257171630859e-04
4812,2.37000000197440385818481445312500e-04
4813,2.37999999626481439918279647827148e-04
4814,2.42000000071129761636257171630859e-04
4815,2.50000000050931703299283981323242e-04
4816,2.72000000222760718315839767456055e-04
4817,2.72000000222760718315839767456055e-04
4818,2.80000000202562659978866577148438e-04
4819,2.70999999884224962443113327026367e-04
4820,2.78000000434985850006341934204102e-04
4821,2.48000000283354893326759338378906e-04
4822,2.51000000389467459172010421752930e-04
4823,2.41000000642088707536458969116211e-04
4824,2.38999999965017195791006088256836e-04
4825,2.36000000768399331718683242797852e-04
4826,2.45000000177242327481508255004883e-04
4827,2.43999999838706571608781814575195e-04
4828,2.40999999732594005763530731201172e-04
4829,2.46999999944819137454032897949219e-04
4830,2.37999999626481439918279647827148e-04
4831,2.46000000515778083354234695434570e-04
4832,2.73999999990337528288364410400391e-04
4833,2.73999999990337528288364410400391e-04
4834,2.72999999651801772415637969970703e-04
4835,2.77000000096450094133615493774414e-04
4836,2.72000000222760718315839767456055e-04
4837,2.63000000813917722553014755249023e-04
4838,2.44000000748201273381710052490234e-04
4839,2.42999999500170815736055374145508e-04
4840,2.45999999606283381581306457519531e-04
4841,2.40999999732594005763530731201172e-04
4842,2.43999999838706571608781814575195e-04
4843,2.40000000303552951663732528686523e-04
4844,2.43999999838706571608781814575195e-04
4845,2.42000000071129761636257171630859e-04
4846,2.43999999838706571608781814575195e-04
4847,2.37000000197440385818481445312500e-04
4848,2.73999999990337528288364410400391e-04
4849,2.81000000541098415851593017578125e-04
4850,2.72999999651801772415637969970703e-04
4851,2.80000000202562659978866577148438e-04
4852,2.74999999419378582388162612915039e-04
4853,2.74999999419378582388162612915039e-04
4854,2.48000000283354893326759338378906e-04
4855,2.47999999373860191553831100463867e-04
4856,2.38999999965017195791006088256836e-04
4857,2.46000000515778083354234695434570e-04
4858,2.42000000071129761636257171630859e-04
4859,2.48000000283354893326759338378906e-04
4860,2.40999999732594005763530731201172e-04
4861,2.44999999267747625708580017089844e-04
4862,2.43000000409665517508983612060547e-04
4863,2.43999999838706571608781814575195e-04
4864,2.55999999353662133216857910156250e-04
4865,2.75999999757914338260889053344727e-04
4866,2.83999999737716279923915863037109e-04
4867,2.81000000541098415851593017578125e-04
4868,2.80999999631603714078664779663086e-04
4869,2.76000000667409040033817291259766e-04
4870,2.50000000050931703299283981323242e-04
4871,2.48999999712395947426557540893555e-04
4872,2.43000000409665517508983612060547e-04
4873,2.42000000071129761636257171630859e-04
4874,2.43000000409665517508983612060547e-04
4875,2.46999999944819137454032897949219e-04
4876,2.42000000071129761636257171630859e-04
4877,2.40999999732594005763530731201172e-04
4878,2.41999999161635059863328933715820e-04
4879,2.40000000303552951663732528686523e-04
4880,2.48999999712395947426557540893555e-04
4881,2.76000000667409040033817291259766e-04
4882,2.79000000773521605879068374633789e-04
4883,2.75000000328873284161090850830078e-04
4884,2.80999999631603714078664779663086e-04
4885,2.80000000202562659978866577148438e-04
4886,2.62999999904423020780086517333984e-04
4887,2.51000000389467459172010421752930e-04
4888,2.45000000177242327481508255004883e-04
4889,2.40999999732594005763530731201172e-04
4890,2.48000000283354893326759338378906e-04
4891,2.42999999500170815736055374145508e-04
4892,2.48999999712395947426557540893555e-04
4893,2.43000000409665517508983612060547e-04
4894,2.48000000283354893326759338378906e-04
4895,2.42000000071129761636257171630859e-04
4896,2.45999999606283381581306457519531e-04
4897,2.69999999545689206570386886596680e-04
4898,2.85000000076252035796642303466797e-04
4899,2.83000000308675225824117660522461e-04
4900,2.81999999970139469951391220092773e-04
4901,2.80999999631603714078664779663086e-04
4902,2.60000000707805156707763671875000e-04
4903,2.51000000389467459172010421752930e-04
4904,2.45999999606283381581306457519531e-04
4905,2.50000000050931703299283981323242e-04
4906,2.40999999732594005763530731201172e-04
4907,2.45999999606283381581306457519531e-04
4908,2.45000000177242327481508255004883e-04
4909,2.43999999838706571608781814575195e-04
4910,2.42999999500170815736055374145508e-04
4911,2.46999999944819137454032897949219e-04
4912,2.45000000177242327481508255004883e-04
4913,2.76999999186955392360687255859375e-04
4914,2.86000000414787791669368743896484e-04
4915,2.83999999737716279923915863037109e-04
4916,2.88000000182364601641893386840820e-04
4917,2.80000000202562659978866577148438e-04
4918,2.70999999884224962443113327026367e-04
4919,2.51999999818508513271808624267578e-04
4920,2.51999999818508513271808624267578e-04
4921,2.43999999838706571608781814575195e-04
4922,2.48000000283354893326759338378906e-04
4923,2.42999999500170815736055374145508e-04
4924,2.50000000050931703299283981323242e-04
4925,2.45000000177242327481508255004883e-04
4926,2.46999999944819137454032897949219e-04
4927,2.47999999373860191553831100463867e-04
4928,2.46999999944819137454032897949219e-04
4929,2.73999999990337528288364410400391e-04
4930,2.83999999737716279923915863037109e-04
4931,2.88999999611405655741691589355469e-04
4932,2.77999999525491148233413696289062e-04
4933,2.83000000308675225824117660522461e-04
4934,2.68999999207153450697660446166992e-04
4935,2.52000000728003215044736862182617e-04
4936,2.46999999944819137454032897949219e-04
4937,2.48999999712395947426557540893555e-04
4938,2.50000000050931703299283981323242e-04
4939,2.48999999712395947426557540893555e-04
4940,2.42000000071129761636257171630859e-04
4941,2.45999999606283381581306457519531e-04
4942,2.48000000283354893326759338378906e-04
4943,2.45000000177242327481508255004883e-04
4944,2.50000000050931703299283981323242e-04
4945,2.71000000793719664216041564941406e-04
4946,2.83000000308675225824117660522461e-04
4947,2.85000000076252035796642303466797e-04
4948,2.82999999399180524051189422607422e-04
4949,2.78999999864026904106140136718750e-04
4950,2.71999999313266016542911529541016e-04
4951,2.53000000157044269144535064697266e-04
4952,2.51999999818508513271808624267578e-04
4953,2.47999999373860191553831100463867e-04
4954,2.45000000177242327481508255004883e-04
4955,2.45000000177242327481508255004883e-04
4956,2.48999999712395947426557540893555e-04
4957,2.49000000621890649199485778808594e-04
4958,2.48999999712395947426557540893555e-04
4959,2.53000000157044269144535064697266e-04
4960,2.45999999606283381581306457519531e-04
4961,2.80999999631603714078664779663086e-04
4962,2.81999999970139469951391220092773e-04
4963,2.90999999378982465714216232299805e-04
4964,2.81999999970139469951391220092773e-04
4965,2.85000000076252035796642303466797e-04
4966,2.61999999565887264907360076904297e-04
4967,2.50000000050931703299283981323242e-04
4968,2.49000000621890649199485778808594e-04
4969,2.46999999944819137454032897949219e-04
4970,2.51999999818508513271808624267578e-04
4971,2.42000000071129761636257171630859e-04
4972,2.48999999712395947426557540893555e-04
4973,2.48000000283354893326759338378906e-04
4974,2.51999999818508513271808624267578e-04
4975,2.47999999373860191553831100463867e-04
4976,2.51999999818508513271808624267578e-04
4977,2.81999999970139469951391220092773e-04
4978,2.88000000182364601641893386840820e-04
4979,2.81999999970139469951391220092773e-04
4980,2.88000000182364601641893386840820e-04
4981,2.83999999737716279923915863037109e-04
4982,2.61000000136846210807561874389648e-04
4983,2.48999999712395947426557540893555e-04
4984,2.54000000495580025017261505126953e-04
4985,2.48000000283354893326759338378906e-04
4986,2.46000000515778083354234695434570e-04
4987,2.48000000283354893326759338378906e-04
4988,2.50000000050931703299283981323242e-04
4989,2.45999999606283381581306457519531e-04
4990,2.50999999479972757399082183837891e-04
4991,2.47999999373860191553831100463867e-04
4992,2.53999999586085323244333267211914e-04
4993,2.83999999737716279923915863037109e-04
4994,2.86000000414787791669368743896484e-04
4995,2.94999999823630787432193756103516e-04
4996,2.81999999970139469951391220092773e-04
4997,2.86999999843828845769166946411133e-04
4998,2.58000000030733644962310791015625e-04
4999,2.61000000136846210807561874389648e-04
5000,2.53000000157044269144535064697266e-04
5001,2.50000000050931703299283981323242e-04
5002,2.53000000157044269144535064697266e-04
5003,2.45999999606283381581306457519531e-04
5004,2.48999999712395947426557540893555e-04
5005,2.51000000389467459172010421752930e-04
5006,2.51000000389467459172010421752930e-04
5007,2.48000000283354893326759338378906e-04
5008,2.62999999904423020780086517333984e-04
5009,2.86000000414787791669368743896484e-04
5010,2.92000000627012923359870910644531e-04
5011,2.86999999843828845769166946411133e-04
5012,2.91999999717518221586942672729492e-04
5013,2.89999999949941411614418029785156e-04
5014,2.59999999798310454934835433959961e-04
5015,2.53999999586085323244333267211914e-04
5016,2.53000000157044269144535064697266e-04
5017,2.50000000050931703299283981323242e-04
5018,2.50000000050931703299283981323242e-04
5019,2.50000000050931703299283981323242e-04
5020,2.51999999818508513271808624267578e-04
5021,2.49000000621890649199485778808594e-04
5022,2.49000000621890649199485778808594e-04
5023,2.53000000157044269144535064697266e-04
5024,2.66999999439576640725135803222656e-04
5025,2.88000000182364601641893386840820e-04
5026,2.86000000414787791669368743896484e-04
5027,2.88000000182364601641893386840820e-04
5028,2.85999999505293089896440505981445e-04
5029,2.88999999611405655741691589355469e-04
5030,2.60999999227351509034633636474609e-04
5031,2.56000000263156834989786148071289e-04
5032,2.54000000495580025017261505126953e-04
5033,2.56000000263156834989786148071289e-04
5034,2.51000000389467459172010421752930e-04
5035,2.54000000495580025017261505126953e-04
5036,2.53000000157044269144535064697266e-04
5037,2.51999999818508513271808624267578e-04
5038,2.54999999924621079117059707641602e-04
5039,2.53999999586085323244333267211914e-04
5040,2.78999999864026904106140136718750e-04
5041,2.83000000308675225824117660522461e-04
5042,2.89000000520900357514619827270508e-04
5043,2.88999999611405655741691589355469e-04
5044,2.88000000182364601641893386840820e-04
5045,2.72000000222760718315839767456055e-04
5046,2.53000000157044269144535064697266e-04
5047,2.53999999586085323244333267211914e-04
5048,2.54999999924621079117059707641602e-04
5049,2.54999999924621079117059707641602e-04
5050,2.58999999459774699062108993530273e-04
5051,2.51000000389467459172010421752930e-04
5052,2.51999999818508513271808624267578e-04
5053,2.54999999924621079117059707641602e-04
5054,2.58000000030733644962310791015625e-04
5055,2.56999999692197889089584350585938e-04
5056,2.97000000500702299177646636962891e-04
5057,2.89999999949941411614418029785156e-04
5058,2.94000000394589733332395553588867e-04
5059,2.89000000520900357514619827270508e-04
5060,2.94000000394589733332395553588867e-04
5061,2.66000000010535586625337600708008e-04
5062,2.57000000601692590862512588500977e-04
5063,2.51999999818508513271808624267578e-04
5064,2.50000000050931703299283981323242e-04
5065,2.50000000050931703299283981323242e-04
5066,2.53000000157044269144535064697266e-04
5067,2.50000000050931703299283981323242e-04
5068,2.55999999353662133216857910156250e-04
5069,2.54999999924621079117059707641602e-04
5070,2.55999999353662133216857910156250e-04
5071,2.88000000182364601641893386840820e-04
5072,2.92999999146559275686740875244141e-04
5073,2.88000000182364601641893386840820e-04
5074,2.91999999717518221586942672729492e-04
5075,2.94999999823630787432193756103516e-04
5076,2.75000000328873284161090850830078e-04
5077,2.56999999692197889089584350585938e-04
5078,2.56999999692197889089584350585938e-04
5079,2.55999999353662133216857910156250e-04
5080,2.55999999353662133216857910156250e-04
5081,2.56000000263156834989786148071289e-04
5082,2.53999999586085323244333267211914e-04
5083,2.54999999924621079117059707641602e-04
5084,2.48999999712395947426557540893555e-04
5085,2.57000000601692590862512588500977e-04
5086,2.54999999924621079117059707641602e-04
5087,2.83999999737716279923915863037109e-04
5088,2.93000000056053977459669113159180e-04
5089,2.93999999485095031559467315673828e-04
5090,2.88999999611405655741691589355469e-04
5091,2.86000000414787791669368743896484e-04
5092,2.62999999904423020780086517333984e-04
5093,2.59999999798310454934835433959961e-04
5094,2.57000000601692590862512588500977e-04
5095,2.51999999818508513271808624267578e-04
5096,2.56999999692197889089584350585938e-04
5097,2.58000000030733644962310791015625e-04
5098,2.59000000369269400835037231445312e-04
5099,2.54999999924621079117059707641602e-04
5100,2.56000000263156834989786148071289e-04
5101,2.50999999479972757399082183837891e-04
5102,2.81999999970139469951391220092773e-04
5103,2.90999999378982465714216232299805e-04
5104,2.97999999929743353277444839477539e-04
5105,2.89000000520900357514619827270508e-04
5106,2.95000000733125489205121994018555e-04
5107,2.81999999970139469951391220092773e-04
5108,2.61999999565887264907360076904297e-04
5109,2.56999999692197889089584350585938e-04
5110,2.59999999798310454934835433959961e-04
5111,2.57000000601692590862512588500977e-04
5112,2.54999999924621079117059707641602e-04
5113,2.56999999692197889089584350585938e-04
5114,2.51999999818508513271808624267578e-04
5115,2.54999999924621079117059707641602e-04
5116,2.54000000495580025017261505126953e-04
5117,2.51999999818508513271808624267578e-04
5118,2.92000000627012923359870910644531e-04
5119,2.93000000056053977459669113159180e-04
5120,2.91000000288477167487144470214844e-04
5121,2.93000000056053977459669113159180e-04
5122,2.98999999358784407377243041992188e-04
5123,2.67000000349071342498064041137695e-04
5124,2.59999999798310454934835433959961e-04
5125,2.58999999459774699062108993530273e-04
5126,2.61000000136846210807561874389648e-04
5127,2.53999999586085323244333267211914e-04
5128,2.60999999227351509034633636474609e-04
5129,2.58000000030733644962310791015625e-04
5130,2.52999999247549567371606826782227e-04
5131,2.58000000030733644962310791015625e-04
5132,2.51999999818508513271808624267578e-04
5133,2.84999999166757334023714065551758e-04
5134,2.97999999929743353277444839477539e-04
5135,2.97999999929743353277444839477539e-04
5136,2.93000000056053977459669113159180e-04
5137,2.94000000394589733332395553588867e-04
5138,2.83999999737716279923915863037109e-04
5139,2.61999999565887264907360076904297e-04
5140,2.54000000495580025017261505126953e-04
5141,2.59000000369269400835037231445312e-04
5142,2.58999999459774699062108993530273e-04
5143,2.57000000601692590862512588500977e-04
5144,2.57000000601692590862512588500977e-04
5145,2.53000000157044269144535064697266e-04
5146,2.56999999692197889089584350585938e-04
5147,2.54999999924621079117059707641602e-04
5148,2.67000000349071342498064041137695e-04
5149,2.93000000056053977459669113159180e-04
5150,2.94000000394589733332395553588867e-04
5151,2.94000000394589733332395553588867e-04
5152,2.94000000394589733332395553588867e-04
5153,2.93000000056053977459669113159180e-04
5154,2.61999999565887264907360076904297e-04
5155,2.62999999904423020780086517333984e-04
5156,2.59999999798310454934835433959961e-04
5157,2.63000000813917722553014755249023e-04
5158,2.58999999459774699062108993530273e-04
5159,2.58000000030733644962310791015625e-04
5160,2.60000000707805156707763671875000e-04
5161,2.58000000030733644962310791015625e-04
5162,2.61000000136846210807561874389648e-04
5163,2.59000000369269400835037231445312e-04
5164,2.93999999485095031559467315673828e-04
5165,2.97000000500702299177646636962891e-04
5166,2.99000000268279109150171279907227e-04
5167,2.93999999485095031559467315673828e-04
5168,2.97999999929743353277444839477539e-04
5169,2.72000000222760718315839767456055e-04
5170,2.67000000349071342498064041137695e-04
5171,2.61000000136846210807561874389648e-04
5172,2.66000000010535586625337600708008e-04
5173,2.64000000242958776652812957763672e-04
5174,2.61000000136846210807561874389648e-04
5175,2.58000000030733644962310791015625e-04
5176,2.58999999459774699062108993530273e-04
5177,2.60999999227351509034633636474609e-04
5178,2.59999999798310454934835433959961e-04
5179,2.89000000520900357514619827270508e-04
5180,3.01000000035855919122695922851562e-04
5181,3.02000000374391674995422363281250e-04
5182,2.96999999591207597404718399047852e-04
5183,2.92000000627012923359870910644531e-04
5184,2.78000000434985850006341934204102e-04
5185,2.63999999333464074879884719848633e-04
5186,2.59999999798310454934835433959961e-04
5187,2.54000000495580025017261505126953e-04
5188,2.64000000242958776652812957763672e-04
5189,2.58999999459774699062108993530273e-04
5190,2.60999999227351509034633636474609e-04
5191,2.59999999798310454934835433959961e-04
5192,2.59999999798310454934835433959961e-04
5193,2.61000000136846210807561874389648e-04
5194,2.82999999399180524051189422607422e-04
5195,3.02999999803432729095220565795898e-04
5196,2.97999999929743353277444839477539e-04
5197,3.03000000712927430868148803710938e-04
5198,2.99999999697320163249969482421875e-04
5199,2.81999999970139469951391220092773e-04
5200,2.59999999798310454934835433959961e-04
5201,2.65000000581494532525539398193359e-04
5202,2.61999999565887264907360076904297e-04
5203,2.95000000733125489205121994018555e-04
5204,2.66000000010535586625337600708008e-04
5205,2.64000000242958776652812957763672e-04
5206,2.62999999904423020780086517333984e-04
5207,2.62999999904423020780086517333984e-04
5208,2.66000000010535586625337600708008e-04
5209,2.80000000202562659978866577148438e-04
5210,2.97000000500702299177646636962891e-04
5211,2.93999999485095031559467315673828e-04
5212,3.02999999803432729095220565795898e-04
5213,2.98999999358784407377243041992188e-04
5214,2.83999999737716279923915863037109e-04
5215,2.67999999778112396597862243652344e-04
5216,2.63999999333464074879884719848633e-04
5217,2.57000000601692590862512588500977e-04
5218,2.58999999459774699062108993530273e-04
5219,2.64999999671999830752611160278320e-04
5220,2.60000000707805156707763671875000e-04
5221,2.59000000369269400835037231445312e-04
5222,2.61000000136846210807561874389648e-04
5223,2.64999999671999830752611160278320e-04
5224,2.73000000561296474188566207885742e-04
5225,3.05999999909545294940471649169922e-04
5226,2.97999999929743353277444839477539e-04
5227,3.01000000035855919122695922851562e-04
5228,3.01000000035855919122695922851562e-04
5229,2.96999999591207597404718399047852e-04
5230,2.65000000581494532525539398193359e-04
5231,2.62999999904423020780086517333984e-04
5232,2.61000000136846210807561874389648e-04
5233,2.59999999798310454934835433959961e-04
5234,2.61000000136846210807561874389648e-04
5235,2.62000000475381966680288314819336e-04
5236,2.64000000242958776652812957763672e-04
5237,2.61000000136846210807561874389648e-04
5238,2.61999999565887264907360076904297e-04
5239,2.73999999990337528288364410400391e-04
5240,3.01000000035855919122695922851562e-04
5241,3.07000000248081050813198089599609e-04
5242,3.01000000035855919122695922851562e-04
5243,3.03000000712927430868148803710938e-04
5244,2.93999999485095031559467315673828e-04
5245,2.67000000349071342498064041137695e-04
5246,2.64000000242958776652812957763672e-04
5247,2.67999999778112396597862243652344e-04
5248,2.59000000369269400835037231445312e-04
5249,2.66000000010535586625337600708008e-04
5250,2.66000000010535586625337600708008e-04
5251,2.70999999884224962443113327026367e-04
5252,2.64999999671999830752611160278320e-04
5253,2.68000000687607098370790481567383e-04
5254,2.70999999884224962443113327026367e-04
5255,3.05999999909545294940471649169922e-04
5256,3.02000000374391674995422363281250e-04
5257,3.08000000586616806685924530029297e-04
5258,3.05000000480504240840673446655273e-04
5259,2.99000000268279109150171279907227e-04
5260,2.64999999671999830752611160278320e-04
5261,2.64999999671999830752611160278320e-04
5262,2.62000000475381966680288314819336e-04
5263,2.67000000349071342498064041137695e-04
5264,2.70999999884224962443113327026367e-04
5265,2.66999999439576640725135803222656e-04
5266,2.62999999904423020780086517333984e-04
5267,2.69000000116648152470588684082031e-04
5268,2.70000000455183908343315124511719e-04
5269,2.74999999419378582388162612915039e-04
5270,3.02000000374391674995422363281250e-04
5271,3.09000000015657860785722732543945e-04
5272,3.01999999464896973222494125366211e-04
5273,3.04000000141968484967947006225586e-04
5274,3.01999999464896973222494125366211e-04
5275,2.69999999545689206570386886596680e-04
5276,2.66000000010535586625337600708008e-04
5277,2.64999999671999830752611160278320e-04
5278,2.61000000136846210807561874389648e-04
5279,2.64000000242958776652812957763672e-04
5280,2.66000000010535586625337600708008e-04
5281,2.71000000793719664216041564941406e-04
5282,2.67000000349071342498064041137695e-04
5283,2.70999999884224962443113327026367e-04
5284,2.73999999990337528288364410400391e-04
5285,3.07000000248081050813198089599609e-04
5286,3.06999999338586349040269851684570e-04
5287,3.10000000354193616658449172973633e-04
5288,2.99999999697320163249969482421875e-04
5289,2.97000000500702299177646636962891e-04
5290,2.72000000222760718315839767456055e-04
5291,2.71999999313266016542911529541016e-04
5292,2.69000000116648152470588684082031e-04
5293,2.69000000116648152470588684082031e-04
5294,2.64999999671999830752611160278320e-04
5295,2.69000000116648152470588684082031e-04
5296,2.60000000707805156707763671875000e-04
5297,2.67999999778112396597862243652344e-04
5298,2.67999999778112396597862243652344e-04
5299,2.94999999823630787432193756103516e-04
5300,3.07000000248081050813198089599609e-04
5301,3.01999999464896973222494125366211e-04
5302,3.07000000248081050813198089599609e-04
5303,3.05999999909545294940471649169922e-04
5304,2.81999999970139469951391220092773e-04
5305,2.69999999545689206570386886596680e-04
5306,2.62999999904423020780086517333984e-04
5307,2.69999999545689206570386886596680e-04
5308,2.67999999778112396597862243652344e-04
5309,2.70999999884224962443113327026367e-04
5310,2.67000000349071342498064041137695e-04
5311,2.70000000455183908343315124511719e-04
5312,2.68000000687607098370790481567383e-04
5313,2.71999999313266016542911529541016e-04
5314,2.99000000268279109150171279907227e-04
5315,3.10000000354193616658449172973633e-04
5316,3.05999999909545294940471649169922e-04
5317,3.10000000354193616658449172973633e-04
5318,3.03000000712927430868148803710938e-04
5319,2.70999999884224962443113327026367e-04
5320,2.64000000242958776652812957763672e-04
5321,2.72999999651801772415637969970703e-04
5322,2.66000000010535586625337600708008e-04
5323,2.73999999990337528288364410400391e-04
5324,2.69000000116648152470588684082031e-04
5325,2.67999999778112396597862243652344e-04
5326,2.66000000010535586625337600708008e-04
5327,2.64000000242958776652812957763672e-04
5328,2.69999999545689206570386886596680e-04
5329,3.09000000015657860785722732543945e-04
5330,3.12000000121770426630973815917969e-04
5331,3.07000000248081050813198089599609e-04
5332,3.05999999909545294940471649169922e-04
5333,3.10000000354193616658449172973633e-04
5334,2.76000000667409040033817291259766e-04
5335,2.69999999545689206570386886596680e-04
5336,2.70000000455183908343315124511719e-04
5337,2.70999999884224962443113327026367e-04
5338,2.71000000793719664216041564941406e-04
5339,2.64000000242958776652812957763672e-04
5340,2.66000000010535586625337600708008e-04
5341,2.67999999778112396597862243652344e-04
5342,2.69000000116648152470588684082031e-04
5343,2.69000000116648152470588684082031e-04
5344,2.97999999929743353277444839477539e-04
5345,3.10000000354193616658449172973633e-04
5346,3.07999999677122104912996292114258e-04
5347,3.10000000354193616658449172973633e-04
5348,3.09000000015657860785722732543945e-04
5349,2.77999999525491148233413696289062e-04
5350,2.67000000349071342498064041137695e-04
5351,2.68999999207153450697660446166992e-04
5352,2.70999999884224962443113327026367e-04
5353,2.67999999778112396597862243652344e-04
5354,2.66000000010535586625337600708008e-04
5355,2.69999999545689206570386886596680e-04
5356,2.69000000116648152470588684082031e-04
5357,2.69000000116648152470588684082031e-04
5358,2.81999999970139469951391220092773e-04
5359,3.10000000354193616658449172973633e-04
5360,3.11000000692729372531175613403320e-04
5361,3.10999999783234670758247375488281e-04
5362,3.10999999783234670758247375488281e-04
5363,2.99000000268279109150171279907227e-04
5364,2.78999999864026904106140136718750e-04
5365,2.73999999990337528288364410400391e-04
5366,2.71999999313266016542911529541016e-04
5367,2.67999999778112396597862243652344e-04
5368,2.75000000328873284161090850830078e-04
5369,2.72999999651801772415637969970703e-04
5370,2.72000000222760718315839767456055e-04
5371,2.69000000116648152470588684082031e-04
5372,2.69000000116648152470588684082031e-04
5373,2.93000000056053977459669113159180e-04
5374,3.17999999424500856548547744750977e-04
5375,3.09999999444698914885520935058594e-04
5376,3.12000000121770426630973815917969e-04
5377,3.09000000015657860785722732543945e-04
5378,2.81000000541098415851593017578125e-04
5379,2.67999999778112396597862243652344e-04
5380,2.72999999651801772415637969970703e-04
5381,2.69000000116648152470588684082031e-04
5382,2.72000000222760718315839767456055e-04
5383,2.70999999884224962443113327026367e-04
5384,2.72000000222760718315839767456055e-04
5385,2.66999999439576640725135803222656e-04
5386,2.75000000328873284161090850830078e-04
5387,2.72000000222760718315839767456055e-04
5388,3.07000000248081050813198089599609e-04
5389,3.05999999909545294940471649169922e-04
5390,3.15000000227882992476224899291992e-04
5391,3.08000000586616806685924530029297e-04
5392,3.09000000015657860785722732543945e-04
5393,2.74999999419378582388162612915039e-04
5394,2.73999999990337528288364410400391e-04
5395,2.76000000667409040033817291259766e-04
5396,2.73000000561296474188566207885742e-04
5397,2.71999999313266016542911529541016e-04
5398,2.67999999778112396597862243652344e-04
5399,2.69000000116648152470588684082031e-04
5400,2.77000000096450094133615493774414e-04
5401,2.69999999545689206570386886596680e-04
5402,2.80000000202562659978866577148438e-04
5403,3.08000000586616806685924530029297e-04
5404,3.13999999889347236603498458862305e-04
5405,3.13999999889347236603498458862305e-04
5406,3.10999999783234670758247375488281e-04
5407,3.01000000035855919122695922851562e-04
5408,2.73999999990337528288364410400391e-04
5409,2.78000000434985850006341934204102e-04
5410,2.72000000222760718315839767456055e-04
5411,2.75999999757914338260889053344727e-04
5412,2.72999999651801772415637969970703e-04
5413,2.75000000328873284161090850830078e-04
5414,2.69999999545689206570386886596680e-04
5415,2.72999999651801772415637969970703e-04
5416,2.72999999651801772415637969970703e-04
5417,3.05999999909545294940471649169922e-04
5418,3.10999999783234670758247375488281e-04
5419,3.14999999318388290703296661376953e-04
5420,3.12000000121770426630973815917969e-04
5421,3.15999999656924046576023101806641e-04
5422,2.78999999864026904106140136718750e-04
5423,2.75000000328873284161090850830078e-04
5424,2.75000000328873284161090850830078e-04
5425,2.75999999757914338260889053344727e-04
5426,2.70999999884224962443113327026367e-04
5427,2.73999999990337528288364410400391e-04
5428,2.72999999651801772415637969970703e-04
5429,2.75000000328873284161090850830078e-04
5430,2.75999999757914338260889053344727e-04
5431,2.85000000076252035796642303466797e-04
5432,3.18000000333995558321475982666016e-04
5433,3.20000000101572368294000625610352e-04
5434,3.15000000227882992476224899291992e-04
5435,3.13999999889347236603498458862305e-04
5436,3.02000000374391674995422363281250e-04
5437,2.72999999651801772415637969970703e-04
5438,2.75000000328873284161090850830078e-04
5439,2.72000000222760718315839767456055e-04
5440,2.73999999990337528288364410400391e-04
5441,2.72000000222760718315839767456055e-04
5442,2.72000000222760718315839767456055e-04
5443,2.74999999419378582388162612915039e-04
5444,2.77999999525491148233413696289062e-04
5445,2.75999999757914338260889053344727e-04
5446,3.10999999783234670758247375488281e-04
5447,3.16000000566418748348951339721680e-04
5448,3.16999999995459802448749542236328e-04
5449,3.15999999656924046576023101806641e-04
5450,3.18000000333995558321475982666016e-04
5451,2.77999999525491148233413696289062e-04
5452,2.73999999990337528288364410400391e-04
5453,2.76999999186955392360687255859375e-04
5454,2.78999999864026904106140136718750e-04
5455,2.74999999419378582388162612915039e-04
5456,2.79000000773521605879068374633789e-04
5457,2.73999999990337528288364410400391e-04
5458,2.77000000096450094133615493774414e-04
5459,2.76000000667409040033817291259766e-04
5460,2.91999999717518221586942672729492e-04
5461,3.16999999995459802448749542236328e-04
5462,3.20999999530613422393798828125000e-04
5463,3.11000000692729372531175613403320e-04
5464,3.16999999995459802448749542236328e-04
5465,2.95999999252671841531991958618164e-04
5466,2.75000000328873284161090850830078e-04
5467,2.77000000096450094133615493774414e-04
5468,2.75000000328873284161090850830078e-04
5469,2.72000000222760718315839767456055e-04
5470,2.74999999419378582388162612915039e-04
5471,2.75000000328873284161090850830078e-04
5472,2.72000000222760718315839767456055e-04
5473,2.72999999651801772415637969970703e-04
5474,2.74999999419378582388162612915039e-04
5475,3.09999999444698914885520935058594e-04
5476,3.18000000333995558321475982666016e-04
5477,3.22999999298190232366323471069336e-04
5478,3.10999999783234670758247375488281e-04
5479,3.15000000227882992476224899291992e-04
5480,2.91000000288477167487144470214844e-04
5481,2.83999999737716279923915863037109e-04
5482,2.77999999525491148233413696289062e-04
5483,2.81999999970139469951391220092773e-04
5484,2.78000000434985850006341934204102e-04
5485,2.73999999990337528288364410400391e-04
5486,2.74999999419378582388162612915039e-04
5487,2.77999999525491148233413696289062e-04
5488,2.72000000222760718315839767456055e-04
5489,3.02000000374391674995422363281250e-04
5490,3.10999999783234670758247375488281e-04
5491,3.18000000333995558321475982666016e-04
5492,3.20000000101572368294000625610352e-04
5493,3.13999999889347236603498458862305e-04
5494,2.89000000520900357514619827270508e-04
5495,2.77000000096450094133615493774414e-04
5496,2.78999999864026904106140136718750e-04
5497,2.75999999757914338260889053344727e-04
5498,2.78000000434985850006341934204102e-04
5499,2.75000000328873284161090850830078e-04
5500,2.72000000222760718315839767456055e-04
5501,2.77999999525491148233413696289062e-04
5502,2.83000000308675225824117660522461e-04
5503,2.86000000414787791669368743896484e-04
5504,3.12000000121770426630973815917969e-04
5505,3.10999999783234670758247375488281e-04
5506,3.18000000333995558321475982666016e-04
5507,3.18999999763036612421274185180664e-04
5508,3.07999999677122104912996292114258e-04
5509,2.78999999864026904106140136718750e-04
5510,2.80000000202562659978866577148438e-04
5511,2.73999999990337528288364410400391e-04
5512,2.75000000328873284161090850830078e-04
5513,2.75999999757914338260889053344727e-04
5514,2.79000000773521605879068374633789e-04
5515,2.79000000773521605879068374633789e-04
5516,2.78999999864026904106140136718750e-04
5517,2.77999999525491148233413696289062e-04
5518,3.12000000121770426630973815917969e-04
5519,3.21999999869149178266525268554688e-04
5520,3.16000000566418748348951339721680e-04
5521,3.16999999995459802448749542236328e-04
5522,3.06999999338586349040269851684570e-04
5523,2.89000000520900357514619827270508e-04
5524,2.81999999970139469951391220092773e-04
5525,2.80000000202562659978866577148438e-04
5526,2.80000000202562659978866577148438e-04
5527,2.81999999970139469951391220092773e-04
5528,2.76999999186955392360687255859375e-04
5529,2.81999999970139469951391220092773e-04
5530,2.80000000202562659978866577148438e-04
5531,2.79000000773521605879068374633789e-04
5532,3.07999999677122104912996292114258e-04
5533,3.21999999869149178266525268554688e-04
5534,3.13999999889347236603498458862305e-04
5535,3.17999999424500856548547744750977e-04
5536,3.20000000101572368294000625610352e-04
5537,2.85999999505293089896440505981445e-04
5538,2.80999999631603714078664779663086e-04
5539,2.73000000561296474188566207885742e-04
5540,2.81000000541098415851593017578125e-04
5541,2.72000000222760718315839767456055e-04
5542,2.75000000328873284161090850830078e-04
5543,2.80000000202562659978866577148438e-04
5544,2.83000000308675225824117660522461e-04
5545,2.81000000541098415851593017578125e-04
5546,3.06999999338586349040269851684570e-04
5547,3.22999999298190232366323471069336e-04
5548,3.21000000440108124166727066040039e-04
5549,3.19000000672531314194202423095703e-04
5550,3.19000000672531314194202423095703e-04
5551,2.85999999505293089896440505981445e-04
5552,2.83000000308675225824117660522461e-04
5553,2.86000000414787791669368743896484e-04
5554,2.77999999525491148233413696289062e-04
5555,2.80000000202562659978866577148438e-04
5556,2.78999999864026904106140136718750e-04
5557,2.76000000667409040033817291259766e-04
5558,2.77999999525491148233413696289062e-04
5559,2.80000000202562659978866577148438e-04
5560,2.93000000056053977459669113159180e-04
5561,3.16000000566418748348951339721680e-04
5562,3.27000000652333255857229232788086e-04
5563,3.20000000101572368294000625610352e-04
5564,3.18999999763036612421274185180664e-04
5565,3.01000000035855919122695922851562e-04
5566,2.80999999631603714078664779663086e-04
5567,2.78999999864026904106140136718750e-04
5568,2.80999999631603714078664779663086e-04
5569,2.84000000647210981696844100952148e-04
5570,2.80000000202562659978866577148438e-04
5571,2.87999999272869899868965148925781e-04
5572,2.80999999631603714078664779663086e-04
5573,2.80999999631603714078664779663086e-04
5574,2.86000000414787791669368743896484e-04
5575,3.28000000081374309957027435302734e-04
5576,3.20000000101572368294000625610352e-04
5577,3.26000000313797499984502792358398e-04
5578,3.21999999869149178266525268554688e-04
5579,3.09000000015657860785722732543945e-04
5580,2.85000000076252035796642303466797e-04
5581,2.81999999970139469951391220092773e-04
5582,2.86000000414787791669368743896484e-04
5583,2.76000000667409040033817291259766e-04
5584,2.80999999631603714078664779663086e-04
5585,2.81999999970139469951391220092773e-04
5586,2.83000000308675225824117660522461e-04
5587,2.81000000541098415851593017578125e-04
5588,2.85000000076252035796642303466797e-04
5589,3.16999999995459802448749542236328e-04
5590,3.29999999848951119929552078247070e-04
5591,3.20999999530613422393798828125000e-04
5592,3.21999999869149178266525268554688e-04
5593,3.22000000778643880039453506469727e-04
5594,2.87999999272869899868965148925781e-04
5595,2.85000000076252035796642303466797e-04
5596,2.83000000308675225824117660522461e-04
5597,2.88000000182364601641893386840820e-04
5598,2.78999999864026904106140136718750e-04
5599,2.83000000308675225824117660522461e-04
5600,2.81000000541098415851593017578125e-04
5601,2.85000000076252035796642303466797e-04
5602,2.83000000308675225824117660522461e-04
5603,3.16999999995459802448749542236328e-04
5604,3.20000000101572368294000625610352e-04
5605,3.26000000313797499984502792358398e-04
5606,3.23000000207684934139251708984375e-04
5607,3.23999999636725988239049911499023e-04
5608,2.83999999737716279923915863037109e-04
5609,2.80000000202562659978866577148438e-04
5610,2.81999999970139469951391220092773e-04
5611,2.79999999293067958205938339233398e-04
5612,2.78999999864026904106140136718750e-04
5613,2.85000000076252035796642303466797e-04
5614,2.81999999970139469951391220092773e-04
5615,2.83999999737716279923915863037109e-04
5616,2.86000000414787791669368743896484e-04
5617,3.20999999530613422393798828125000e-04
5618,3.28000000081374309957027435302734e-04
5619,3.28000000081374309957027435302734e-04
5620,3.26999999742838554084300994873047e-04
5621,3.21000000440108124166727066040039e-04
5622,2.89999999949941411614418029785156e-04
5623,2.86999999843828845769166946411133e-04
5624,2.84000000647210981696844100952148e-04
5625,2.86999999843828845769166946411133e-04
5626,2.89999999949941411614418029785156e-04
5627,2.82999999399180524051189422607422e-04
5628,2.81999999970139469951391220092773e-04
5629,2.89999999949941411614418029785156e-04
5630,2.88000000182364601641893386840820e-04
5631,3.29999999848951119929552078247070e-04
5632,3.21999999869149178266525268554688e-04
5633,3.32000000526022631675004959106445e-04
5634,3.29000000419910065829753875732422e-04
5635,3.11000000692729372531175613403320e-04
5636,2.91000000288477167487144470214844e-04
5637,2.83999999737716279923915863037109e-04
5638,2.78999999864026904106140136718750e-04
5639,2.85999999505293089896440505981445e-04
5640,2.86000000414787791669368743896484e-04
5641,2.84999999166757334023714065551758e-04
5642,2.89000000520900357514619827270508e-04
5643,2.84000000647210981696844100952148e-04
5644,2.85999999505293089896440505981445e-04
5645,3.24999999975261744111776351928711e-04
5646,3.30999999277992174029350280761719e-04
5647,3.28000000081374309957027435302734e-04
5648,3.20999999530613422393798828125000e-04
5649,3.13000000460306182503700256347656e-04
5650,2.88999999611405655741691589355469e-04
5651,2.88000000182364601641893386840820e-04
5652,2.85999999505293089896440505981445e-04
5653,2.81999999970139469951391220092773e-04
5654,2.84000000647210981696844100952148e-04
5655,2.88000000182364601641893386840820e-04
5656,2.81999999970139469951391220092773e-04
5657,2.88999999611405655741691589355469e-04
5658,2.90000000859436113387346267700195e-04
5659,3.26000000313797499984502792358398e-04
5660,3.28000000081374309957027435302734e-04
5661,3.29999999848951119929552078247070e-04
5662,3.21999999869149178266525268554688e-04
5663,3.15000000227882992476224899291992e-04
5664,2.89000000520900357514619827270508e-04
5665,2.88000000182364601641893386840820e-04
5666,2.88999999611405655741691589355469e-04
5667,2.85999999505293089896440505981445e-04
5668,2.91000000288477167487144470214844e-04
5669,2.89999999949941411614418029785156e-04
5670,2.93999999485095031559467315673828e-04
5671,2.86999999843828845769166946411133e-04
5672,2.94999999823630787432193756103516e-04
5673,3.26999999742838554084300994873047e-04
5674,3.29999999848951119929552078247070e-04
5675,3.29999999848951119929552078247070e-04
5676,3.26000000313797499984502792358398e-04
5677,3.07999999677122104912996292114258e-04
5678,2.88000000182364601641893386840820e-04
5679,2.88999999611405655741691589355469e-04
5680,2.85999999505293089896440505981445e-04
5681,2.89999999949941411614418029785156e-04
5682,2.85000000076252035796642303466797e-04
5683,2.82999999399180524051189422607422e-04
5684,2.84000000647210981696844100952148e-04
5685,2.84999999166757334023714065551758e-04
5686,2.94000000394589733332395553588867e-04
5687,3.34999999722640495747327804565430e-04
5688,3.31999999616527929902076721191406e-04
5689,3.26999999742838554084300994873047e-04
5690,3.33999999384104739874601364135742e-04
5691,3.01999999464896973222494125366211e-04
5692,2.86999999843828845769166946411133e-04
5693,2.83999999737716279923915863037109e-04
5694,2.86999999843828845769166946411133e-04
5695,2.85999999505293089896440505981445e-04
5696,2.86000000414787791669368743896484e-04
5697,2.87999999272869899868965148925781e-04
5698,2.89999999949941411614418029785156e-04
5699,2.88999999611405655741691589355469e-04
5700,3.05999999909545294940471649169922e-04
5701,3.26000000313797499984502792358398e-04
5702,3.30999999277992174029350280761719e-04
5703,3.26999999742838554084300994873047e-04
5704,3.26999999742838554084300994873047e-04
5705,2.97999999929743353277444839477539e-04
5706,2.86999999843828845769166946411133e-04
5707,2.89999999949941411614418029785156e-04
5708,2.89999999949941411614418029785156e-04
5709,2.85000000076252035796642303466797e-04
5710,2.84000000647210981696844100952148e-04
5711,2.89000000520900357514619827270508e-04
5712,2.86999999843828845769166946411133e-04
5713,2.91000000288477167487144470214844e-04
5714,3.16000000566418748348951339721680e-04
5715,3.36000000061176251620054244995117e-04
5716,3.26999999742838554084300994873047e-04
5717,3.31000000187486875802278518676758e-04
5718,3.31000000187486875802278518676758e-04
5719,2.97999999929743353277444839477539e-04
5720,2.90999999378982465714216232299805e-04
5721,2.86999999843828845769166946411133e-04
5722,2.91000000288477167487144470214844e-04
5723,2.88000000182364601641893386840820e-04
5724,2.91999999717518221586942672729492e-04
5725,2.91999999717518221586942672729492e-04
5726,2.91000000288477167487144470214844e-04
5727,2.88000000182364601641893386840820e-04
5728,3.26000000313797499984502792358398e-04
5729,3.31999999616527929902076721191406e-04
5730,3.29000000419910065829753875732422e-04
5731,3.31000000187486875802278518676758e-04
5732,3.21000000440108124166727066040039e-04
5733,2.96000000162166543304920196533203e-04
5734,2.91000000288477167487144470214844e-04
5735,2.93000000056053977459669113159180e-04
5736,2.89000000520900357514619827270508e-04
5737,2.86000000414787791669368743896484e-04
5738,2.89999999949941411614418029785156e-04
5739,2.88999999611405655741691589355469e-04
5740,2.89999999949941411614418029785156e-04
5741,2.94999999823630787432193756103516e-04
5742,3.35000000632135197520256042480469e-04
5743,3.32999999955063685774803161621094e-04
5744,3.32999999955063685774803161621094e-04
5745,3.32999999955063685774803161621094e-04
5746,3.10000000354193616658449172973633e-04
5747,2.91999999717518221586942672729492e-04
5748,2.85999999505293089896440505981445e-04
5749,2.93000000056053977459669113159180e-04
5750,2.88000000182364601641893386840820e-04
5751,2.86999999843828845769166946411133e-04
5752,2.88999999611405655741691589355469e-04
5753,2.89999999949941411614418029785156e-04
5754,2.86999999843828845769166946411133e-04
5755,3.09000000015657860785722732543945e-04
5756,3.37000000399712007492780685424805e-04
5757,3.40000000505824573338031768798828e-04
5758,3.32000000526022631675004959106445e-04
5759,3.32000000526022631675004959106445e-04
5760,2.97999999929743353277444839477539e-04
5761,2.93000000056053977459669113159180e-04
5762,2.90999999378982465714216232299805e-04
5763,2.88000000182364601641893386840820e-04
5764,2.85000000076252035796642303466797e-04
5765,2.94000000394589733332395553588867e-04
5766,2.89999999949941411614418029785156e-04
5767,2.89000000520900357514619827270508e-04
5768,2.91000000288477167487144470214844e-04
5769,3.13999999889347236603498458862305e-04
5770,3.33999999384104739874601364135742e-04
5771,3.34999999722640495747327804565430e-04
5772,3.31000000187486875802278518676758e-04
5773,3.29999999848951119929552078247070e-04
5774,2.97999999929743353277444839477539e-04
5775,2.93999999485095031559467315673828e-04
5776,2.93000000056053977459669113159180e-04
5777,2.93000000056053977459669113159180e-04
5778,2.87999999272869899868965148925781e-04
5779,2.96000000162166543304920196533203e-04
5780,2.92000000627012923359870910644531e-04
5781,2.92000000627012923359870910644531e-04
5782,2.94000000394589733332395553588867e-04
5783,3.30999999277992174029350280761719e-04
5784,3.33999999384104739874601364135742e-04
5785,3.32999999955063685774803161621094e-04
5786,3.32999999955063685774803161621094e-04
5787,3.20000000101572368294000625610352e-04
5788,3.02000000374391674995422363281250e-04
5789,2.88000000182364601641893386840820e-04
5790,2.93000000056053977459669113159180e-04
5791,2.93000000056053977459669113159180e-04
5792,2.99999999697320163249969482421875e-04
5793,2.90999999378982465714216232299805e-04
5794,2.91999999717518221586942672729492e-04
5795,2.89999999949941411614418029785156e-04
5796,3.07999999677122104912996292114258e-04
5797,3.32999999955063685774803161621094e-04
5798,3.34999999722640495747327804565430e-04
5799,3.34999999722640495747327804565430e-04
5800,3.29999999848951119929552078247070e-04
5801,3.08000000586616806685924530029297e-04
5802,2.94999999823630787432193756103516e-04
5803,3.00000000606814865022897720336914e-04
5804,2.90999999378982465714216232299805e-04
5805,2.93999999485095031559467315673828e-04
5806,2.93999999485095031559467315673828e-04
5807,2.89999999949941411614418029785156e-04
5808,2.95000000733125489205121994018555e-04
5809,2.92000000627012923359870910644531e-04
5810,3.29999999848951119929552078247070e-04
5811,3.31000000187486875802278518676758e-04
5812,3.39000000167288817465305328369141e-04
5813,3.34000000293599441647529602050781e-04
5814,3.29999999848951119929552078247070e-04
5815,2.97999999929743353277444839477539e-04
5816,2.95000000733125489205121994018555e-04
5817,2.93000000056053977459669113159180e-04
5818,2.93000000056053977459669113159180e-04
5819,2.91999999717518221586942672729492e-04
5820,2.93999999485095031559467315673828e-04
5821,2.95999999252671841531991958618164e-04
5822,2.94000000394589733332395553588867e-04
5823,3.01000000035855919122695922851562e-04
5824,3.32999999955063685774803161621094e-04
5825,3.36000000061176251620054244995117e-04
5826,3.35000000632135197520256042480469e-04
5827,3.31000000187486875802278518676758e-04
5828,3.13999999889347236603498458862305e-04
5829,2.94000000394589733332395553588867e-04
5830,2.97999999929743353277444839477539e-04
5831,2.94000000394589733332395553588867e-04
5832,2.96000000162166543304920196533203e-04
5833,2.94999999823630787432193756103516e-04
5834,2.90999999378982465714216232299805e-04
5835,2.88999999611405655741691589355469e-04
5836,2.94000000394589733332395553588867e-04
5837,3.29999999848951119929552078247070e-04
5838,3.32999999955063685774803161621094e-04
5839,3.38000000738247763365507125854492e-04
5840,3.37999999828753061592578887939453e-04
5841,3.32999999955063685774803161621094e-04
5842,2.99999999697320163249969482421875e-04
5843,2.98999999358784407377243041992188e-04
5844,2.96000000162166543304920196533203e-04
5845,2.97000000500702299177646636962891e-04
5846,2.93999999485095031559467315673828e-04
5847,2.93000000056053977459669113159180e-04
5848,2.96000000162166543304920196533203e-04
5849,2.94999999823630787432193756103516e-04
5850,3.01000000035855919122695922851562e-04
5851,3.40999999934865627437829971313477e-04
5852,3.29999999848951119929552078247070e-04
5853,3.37000000399712007492780685424805e-04
5854,3.40999999934865627437829971313477e-04
5855,3.07999999677122104912996292114258e-04
5856,2.97000000500702299177646636962891e-04
5857,3.01000000035855919122695922851562e-04
5858,2.96999999591207597404718399047852e-04
5859,2.98000000839238055050373077392578e-04
5860,2.99999999697320163249969482421875e-04
5861,2.97000000500702299177646636962891e-04
5862,2.94999999823630787432193756103516e-04
5863,2.96999999591207597404718399047852e-04
5864,3.29999999848951119929552078247070e-04
5865,3.40000000505824573338031768798828e-04
5866,3.44000000040978193283081054687500e-04
5867,3.40999999934865627437829971313477e-04
5868,3.33999999384104739874601364135742e-04
5869,2.96999999591207597404718399047852e-04
5870,2.93999999485095031559467315673828e-04
5871,2.93999999485095031559467315673828e-04
5872,2.98999999358784407377243041992188e-04
5873,2.94999999823630787432193756103516e-04
5874,2.98000000839238055050373077392578e-04
5875,3.00000000606814865022897720336914e-04
5876,2.97999999929743353277444839477539e-04
5877,3.08000000586616806685924530029297e-04
5878,3.42000000273401383310556411743164e-04
5879,3.42999999702442437410354614257812e-04
5880,3.38999999257794115692377090454102e-04
5881,3.37999999828753061592578887939453e-04
5882,3.06999999338586349040269851684570e-04
5883,2.97999999929743353277444839477539e-04
5884,3.01000000035855919122695922851562e-04
5885,2.94999999823630787432193756103516e-04
5886,3.02999999803432729095220565795898e-04
5887,2.97999999929743353277444839477539e-04
5888,2.96999999591207597404718399047852e-04
5889,2.97999999929743353277444839477539e-04
5890,2.94999999823630787432193756103516e-04
5891,3.40999999934865627437829971313477e-04
5892,3.39999999596329871565103530883789e-04
5893,3.44000000040978193283081054687500e-04
5894,3.40999999934865627437829971313477e-04
5895,3.27999999171879608184099197387695e-04
5896,3.01000000035855919122695922851562e-04
5897,3.02000000374391674995422363281250e-04
5898,2.96999999591207597404718399047852e-04
5899,2.97999999929743353277444839477539e-04
5900,2.98999999358784407377243041992188e-04
5901,2.92000000627012923359870910644531e-04
5902,2.97999999929743353277444839477539e-04
5903,2.96000000162166543304920196533203e-04
5904,3.20000000101572368294000625610352e-04
5905,3.41000000844360329210758209228516e-04
5906,3.42000000273401383310556411743164e-04
5907,3.50000000253203324973583221435547e-04
5908,3.39000000167288817465305328369141e-04
5909,3.04999999571009539067745208740234e-04
5910,3.04999999571009539067745208740234e-04
5911,3.01000000035855919122695922851562e-04
5912,3.01000000035855919122695922851562e-04
5913,2.98999999358784407377243041992188e-04
5914,2.99999999697320163249969482421875e-04
5915,3.01000000035855919122695922851562e-04
5916,2.99999999697320163249969482421875e-04
5917,3.04000000141968484967947006225586e-04
5918,3.44000000040978193283081054687500e-04
5919,3.36000000061176251620054244995117e-04
5920,3.45999999808555003255605697631836e-04
5921,3.43000000611937139183282852172852e-04
5922,3.12999999550811480730772018432617e-04
5923,3.08000000586616806685924530029297e-04
5924,3.01999999464896973222494125366211e-04
5925,3.03000000712927430868148803710938e-04
5926,3.03000000712927430868148803710938e-04
5927,3.04999999571009539067745208740234e-04
5928,3.04000000141968484967947006225586e-04
5929,2.98999999358784407377243041992188e-04
5930,3.02999999803432729095220565795898e-04
5931,3.29000000419910065829753875732422e-04
5932,3.41999999363906681537628173828125e-04
5933,3.44000000040978193283081054687500e-04
5934,3.48000000485626515001058578491211e-04
5935,3.29999999848951119929552078247070e-04
5936,3.08000000586616806685924530029297e-04
5937,3.02999999803432729095220565795898e-04
5938,3.01999999464896973222494125366211e-04
5939,2.99000000268279109150171279907227e-04
5940,3.01000000035855919122695922851562e-04
5941,3.04000000141968484967947006225586e-04
5942,3.02000000374391674995422363281250e-04
5943,3.07000000248081050813198089599609e-04
5944,3.26000000313797499984502792358398e-04
5945,3.41000000844360329210758209228516e-04
5946,3.44000000040978193283081054687500e-04
5947,3.36999999490217305719852447509766e-04
5948,3.48000000485626515001058578491211e-04
5949,3.05999999909545294940471649169922e-04
5950,3.01999999464896973222494125366211e-04
5951,2.99999999697320163249969482421875e-04
5952,2.97999999929743353277444839477539e-04
5953,2.99000000268279109150171279907227e-04
5954,2.99999999697320163249969482421875e-04
5955,3.02999999803432729095220565795898e-04
5956,3.02999999803432729095220565795898e-04
5957,3.10000000354193616658449172973633e-04
5958,3.42000000273401383310556411743164e-04
5959,3.45000000379513949155807495117188e-04
5960,3.47999999576131813228130340576172e-04
5961,3.44000000040978193283081054687500e-04
5962,3.08000000586616806685924530029297e-04
5963,3.05999999909545294940471649169922e-04
5964,3.04000000141968484967947006225586e-04
5965,3.01000000035855919122695922851562e-04
5966,3.02000000374391674995422363281250e-04
5967,2.96999999591207597404718399047852e-04
5968,3.02000000374391674995422363281250e-04
5969,3.03999999232473783195018768310547e-04
5970,2.96000000162166543304920196533203e-04
5971,3.50000000253203324973583221435547e-04
5972,3.42000000273401383310556411743164e-04
5973,3.45000000379513949155807495117188e-04
5974,3.36999999490217305719852447509766e-04
5975,3.16999999995459802448749542236328e-04
5976,3.07000000248081050813198089599609e-04
5977,3.05000000480504240840673446655273e-04
5978,3.10999999783234670758247375488281e-04
5979,3.04999999571009539067745208740234e-04
5980,3.05999999909545294940471649169922e-04
5981,2.99000000268279109150171279907227e-04
5982,3.04000000141968484967947006225586e-04
5983,3.01999999464896973222494125366211e-04
5984,3.34000000293599441647529602050781e-04
5985,3.43000000611937139183282852172852e-04
5986,3.47999999576131813228130340576172e-04
5987,3.47999999576131813228130340576172e-04
5988,3.36000000061176251620054244995117e-04
5989,3.04999999571009539067745208740234e-04
5990,3.07000000248081050813198089599609e-04
5991,3.01000000035855919122695922851562e-04
5992,2.99999999697320163249969482421875e-04
5993,3.02000000374391674995422363281250e-04
5994,3.07000000248081050813198089599609e-04
5995,2.96999999591207597404718399047852e-04
5996,3.02000000374391674995422363281250e-04
5997,3.32000000526022631675004959106445e-04
5998,3.47999999576131813228130340576172e-04
5999,3.47000000147090759128332138061523e-04
6000,3.48999999914667569100856781005859e-04
6001,3.45000000379513949155807495117188e-04
6002,3.09000000015657860785722732543945e-04
6003,3.02999999803432729095220565795898e-04
6004,3.05999999909545294940471649169922e-04
6005,3.04000000141968484967947006225586e-04
6006,3.02999999803432729095220565795898e-04
6007,2.98999999358784407377243041992188e-04
6008,3.07000000248081050813198089599609e-04
6009,3.04000000141968484967947006225586e-04
6010,3.21999999869149178266525268554688e-04
6011,3.45999999808555003255605697631836e-04
6012,3.51000000591739080846309661865234e-04
6013,3.45999999808555003255605697631836e-04
6014,3.47000000147090759128332138061523e-04
6015,3.12999999550811480730772018432617e-04
6016,3.02000000374391674995422363281250e-04
6017,3.07999999677122104912996292114258e-04
6018,2.96999999591207597404718399047852e-04
6019,3.01999999464896973222494125366211e-04
6020,3.05999999909545294940471649169922e-04
6021,3.04999999571009539067745208740234e-04
6022,3.03000000712927430868148803710938e-04
6023,3.15000000227882992476224899291992e-04
6024,3.47000000147090759128332138061523e-04
6025,3.47000000147090759128332138061523e-04
6026,3.45000000379513949155807495117188e-04
6027,3.52000000020780134946107864379883e-04
6028,3.13000000460306182503700256347656e-04
6029,3.13000000460306182503700256347656e-04
6030,3.06000000819039996713399887084961e-04
6031,3.05999999909545294940471649169922e-04
6032,3.04999999571009539067745208740234e-04
6033,3.05000000480504240840673446655273e-04
6034,3.05000000480504240840673446655273e-04
6035,3.07000000248081050813198089599609e-04
6036,3.16999999995459802448749542236328e-04
6037,3.54999999217397999018430709838867e-04
6038,3.57000000803964212536811828613281e-04
6039,3.52000000020780134946107864379883e-04
6040,3.48999999914667569100856781005859e-04
6041,3.15000000227882992476224899291992e-04
6042,3.07999999677122104912996292114258e-04
6043,3.09000000015657860785722732543945e-04
6044,3.05999999909545294940471649169922e-04
6045,3.10000000354193616658449172973633e-04
6046,3.04999999571009539067745208740234e-04
6047,3.07000000248081050813198089599609e-04
6048,3.05999999909545294940471649169922e-04
6049,3.16000000566418748348951339721680e-04
6050,3.49999999343708623200654983520508e-04
6051,3.50999999682244379073381423950195e-04
6052,3.48999999914667569100856781005859e-04
6053,3.53999999788356944918632507324219e-04
6054,3.15000000227882992476224899291992e-04
6055,3.15000000227882992476224899291992e-04
6056,3.09000000015657860785722732543945e-04
6057,3.06999999338586349040269851684570e-04
6058,3.05000000480504240840673446655273e-04
6059,3.10000000354193616658449172973633e-04
6060,3.05999999909545294940471649169922e-04
6061,3.03000000712927430868148803710938e-04
6062,3.16000000566418748348951339721680e-04
6063,3.55000000126892700791358947753906e-04
6064,3.56999999894469510763883590698242e-04
6065,3.52000000020780134946107864379883e-04
6066,3.46000000718049705028533935546875e-04
6067,3.14000000798841938376426696777344e-04
6068,3.10000000354193616658449172973633e-04
6069,3.10000000354193616658449172973633e-04
6070,3.05000000480504240840673446655273e-04
6071,3.10999999783234670758247375488281e-04
6072,3.03000000712927430868148803710938e-04
6073,3.13999999889347236603498458862305e-04
6074,3.11000000692729372531175613403320e-04
6075,3.15000000227882992476224899291992e-04
6076,3.54000000697851646691560745239258e-04
6077,3.49000000824162270873785018920898e-04
6078,3.56999999894469510763883590698242e-04
6079,3.48999999914667569100856781005859e-04
6080,3.12000000121770426630973815917969e-04
6081,3.12999999550811480730772018432617e-04
6082,3.11999999212275724858045578002930e-04
6083,3.05999999909545294940471649169922e-04
6084,3.10999999783234670758247375488281e-04
6085,3.12999999550811480730772018432617e-04
6086,3.05999999909545294940471649169922e-04
6087,3.05000000480504240840673446655273e-04
6088,3.24000000546220690011978149414062e-04
6089,3.53000000359315890818834304809570e-04
6090,3.53000000359315890818834304809570e-04
6091,3.55999999555933754891157150268555e-04
6092,3.51000000591739080846309661865234e-04
6093,3.16999999995459802448749542236328e-04
6094,3.12000000121770426630973815917969e-04
6095,3.10999999783234670758247375488281e-04
6096,3.10999999783234670758247375488281e-04
6097,3.09000000015657860785722732543945e-04
6098,3.10000000354193616658449172973633e-04
6099,3.08000000586616806685924530029297e-04
6100,3.05999999909545294940471649169922e-04
6101,3.28000000081374309957027435302734e-04
6102,3.58000000233005266636610031127930e-04
6103,3.48999999914667569100856781005859e-04
6104,3.60000000000582076609134674072266e-04
6105,3.48999999914667569100856781005859e-04
6106,3.16000000566418748348951339721680e-04
6107,3.13999999889347236603498458862305e-04
6108,3.11999999212275724858045578002930e-04
6109,3.12000000121770426630973815917969e-04
6110,3.05000000480504240840673446655273e-04
6111,3.16999999995459802448749542236328e-04
6112,3.08000000586616806685924530029297e-04
6113,3.09000000015657860785722732543945e-04
6114,3.47000000147090759128332138061523e-04
6115,3.50999999682244379073381423950195e-04
6116,3.56000000465428456664085388183594e-04
6117,3.53999999788356944918632507324219e-04
6118,3.52000000020780134946107864379883e-04
6119,3.16999999995459802448749542236328e-04
6120,3.09999999444698914885520935058594e-04
6121,3.13999999889347236603498458862305e-04
6122,3.13999999889347236603498458862305e-04
6123,3.01999999464896973222494125366211e-04
6124,3.12000000121770426630973815917969e-04
6125,3.12999999550811480730772018432617e-04
6126,3.09000000015657860785722732543945e-04
6127,3.45999999808555003255605697631836e-04
6128,3.60000000000582076609134674072266e-04
6129,3.51999999111285433173179626464844e-04
6130,3.56999999894469510763883590698242e-04
6131,3.41999999363906681537628173828125e-04
6132,3.16999999995459802448749542236328e-04
6133,3.16999999995459802448749542236328e-04
6134,3.09000000015657860785722732543945e-04
6135,3.07000000248081050813198089599609e-04
6136,3.13000000460306182503700256347656e-04
6137,3.05999999909545294940471649169922e-04
6138,3.12000000121770426630973815917969e-04
6139,3.09000000015657860785722732543945e-04
6140,3.47999999576131813228130340576172e-04
6141,3.53000000359315890818834304809570e-04
6142,3.53999999788356944918632507324219e-04
6143,3.54000000697851646691560745239258e-04
6144,3.24999999975261744111776351928711e-04
6145,3.13000000460306182503700256347656e-04
6146,3.12000000121770426630973815917969e-04
6147,3.09999999444698914885520935058594e-04
6148,3.15000000227882992476224899291992e-04
6149,3.12000000121770426630973815917969e-04
6150,3.15999999656924046576023101806641e-04
6151,3.09999999444698914885520935058594e-04
6152,3.13999999889347236603498458862305e-04
6153,3.55000000126892700791358947753906e-04
6154,3.59000000571541022509336471557617e-04
6155,3.55999999555933754891157150268555e-04
6156,3.55999999555933754891157150268555e-04
6157,3.28000000081374309957027435302734e-04
6158,3.15999999656924046576023101806641e-04
6159,3.12000000121770426630973815917969e-04
6160,3.10000000354193616658449172973633e-04
6161,3.11000000692729372531175613403320e-04
6162,3.15999999656924046576023101806641e-04
6163,3.13000000460306182503700256347656e-04
6164,3.15000000227882992476224899291992e-04
6165,3.24999999975261744111776351928711e-04
6166,3.54000000697851646691560745239258e-04
6167,3.63000000106694642454385757446289e-04
6168,3.56999999894469510763883590698242e-04
6169,3.59000000571541022509336471557617e-04
6170,3.18999999763036612421274185180664e-04
6171,3.15000000227882992476224899291992e-04
6172,3.15999999656924046576023101806641e-04
6173,3.12000000121770426630973815917969e-04
6174,3.14000000798841938376426696777344e-04
6175,3.16999999995459802448749542236328e-04
6176,3.15000000227882992476224899291992e-04
6177,3.15000000227882992476224899291992e-04
6178,3.43000000611937139183282852172852e-04
6179,3.60000000000582076609134674072266e-04
6180,3.56999999894469510763883590698242e-04
6181,3.55999999555933754891157150268555e-04
6182,3.45999999808555003255605697631836e-04
6183,3.16999999995459802448749542236328e-04
6184,3.15000000227882992476224899291992e-04
6185,3.12000000121770426630973815917969e-04
6186,3.13999999889347236603498458862305e-04
6187,3.15000000227882992476224899291992e-04
6188,3.13000000460306182503700256347656e-04
6189,3.13999999889347236603498458862305e-04
6190,3.11999999212275724858045578002930e-04
6191,3.49000000824162270873785018920898e-04
6192,3.63000000106694642454385757446289e-04
6193,3.61000000339117832481861114501953e-04
6194,3.56000000465428456664085388183594e-04
6195,3.31999999616527929902076721191406e-04
6196,3.16999999995459802448749542236328e-04
6197,3.15000000227882992476224899291992e-04
6198,3.15999999656924046576023101806641e-04
6199,3.13000000460306182503700256347656e-04
6200,3.09000000015657860785722732543945e-04
6201,3.12999999550811480730772018432617e-04
6202,3.12000000121770426630973815917969e-04
6203,3.13999999889347236603498458862305e-04
6204,3.55000000126892700791358947753906e-04
6205,3.65999999303312506526708602905273e-04
6206,3.57000000803964212536811828613281e-04
6207,3.61000000339117832481861114501953e-04
6208,3.26000000313797499984502792358398e-04
6209,3.16999999995459802448749542236328e-04
6210,3.16999999995459802448749542236328e-04
6211,3.14999999318388290703296661376953e-04
6212,3.13999999889347236603498458862305e-04
6213,3.16999999995459802448749542236328e-04
6214,3.15000000227882992476224899291992e-04
6215,3.16999999995459802448749542236328e-04
6216,3.24999999975261744111776351928711e-04
6217,3.60000000000582076609134674072266e-04
6218,3.64000000445230398327112197875977e-04
6219,3.53999999788356944918632507324219e-04
6220,3.60000000000582076609134674072266e-04
6221,3.23000000207684934139251708984375e-04
6222,3.20000000101572368294000625610352e-04
6223,3.21000000440108124166727066040039e-04
6224,3.18000000333995558321475982666016e-04
6225,3.21000000440108124166727066040039e-04
6226,3.10999999783234670758247375488281e-04
6227,3.13000000460306182503700256347656e-04
6228,3.10999999783234670758247375488281e-04
6229,3.53999999788356944918632507324219e-04
6230,3.61999999768158886581659317016602e-04
6231,3.64000000445230398327112197875977e-04
6232,3.64000000445230398327112197875977e-04
6233,3.34000000293599441647529602050781e-04
6234,3.16999999995459802448749542236328e-04
6235,3.21000000440108124166727066040039e-04
6236,3.15000000227882992476224899291992e-04
6237,3.21999999869149178266525268554688e-04
6238,3.21000000440108124166727066040039e-04
6239,3.15999999656924046576023101806641e-04
6240,3.23000000207684934139251708984375e-04
6241,3.18999999763036612421274185180664e-04
6242,3.64999999874271452426910400390625e-04
6243,3.60000000000582076609134674072266e-04
6244,3.56999999894469510763883590698242e-04
6245,3.60000000000582076609134674072266e-04
6246,3.26000000313797499984502792358398e-04
6247,3.24000000546220690011978149414062e-04
6248,3.16999999995459802448749542236328e-04
6249,3.20000000101572368294000625610352e-04
6250,3.23000000207684934139251708984375e-04
6251,3.15000000227882992476224899291992e-04
6252,3.20000000101572368294000625610352e-04
6253,3.16000000566418748348951339721680e-04
6254,3.40000000505824573338031768798828e-04
6255,3.60000000000582076609134674072266e-04
6256,3.63999999535735696554183959960938e-04
6257,3.56999999894469510763883590698242e-04
6258,3.55000000126892700791358947753906e-04
6259,3.20000000101572368294000625610352e-04
6260,3.16999999995459802448749542236328e-04
6261,3.21000000440108124166727066040039e-04
6262,3.18999999763036612421274185180664e-04
6263,3.17999999424500856548547744750977e-04
6264,3.21000000440108124166727066040039e-04
6265,3.20000000101572368294000625610352e-04
6266,3.23000000207684934139251708984375e-04
6267,3.53999999788356944918632507324219e-04
6268,3.61000000339117832481861114501953e-04
6269,3.71000000086496584117412567138672e-04
6270,3.61000000339117832481861114501953e-04
6271,3.29000000419910065829753875732422e-04
6272,3.26000000313797499984502792358398e-04
6273,3.18000000333995558321475982666016e-04
6274,3.15000000227882992476224899291992e-04
6275,3.18000000333995558321475982666016e-04
6276,3.16999999995459802448749542236328e-04
6277,3.16999999995459802448749542236328e-04
6278,3.20000000101572368294000625610352e-04
6279,3.34000000293599441647529602050781e-04
6280,3.66999999641848262399435043334961e-04
6281,3.67000000551342964172363281250000e-04
6282,3.67999999980384018272161483764648e-04
6283,3.64999999874271452426910400390625e-04
6284,3.25999999404302798211574554443359e-04
6285,3.18000000333995558321475982666016e-04
6286,3.20999999530613422393798828125000e-04
6287,3.22999999298190232366323471069336e-04
6288,3.20000000101572368294000625610352e-04
6289,3.21000000440108124166727066040039e-04
6290,3.16999999995459802448749542236328e-04
6291,3.14999999318388290703296661376953e-04
6292,3.57999999323510564863681793212891e-04
6293,3.63000000106694642454385757446289e-04
6294,3.65999999303312506526708602905273e-04
6295,3.61000000339117832481861114501953e-04
6296,3.40999999934865627437829971313477e-04
6297,3.22000000778643880039453506469727e-04
6298,3.21999999869149178266525268554688e-04
6299,3.16000000566418748348951339721680e-04
6300,3.18000000333995558321475982666016e-04
6301,3.15999999656924046576023101806641e-04
6302,3.18999999763036612421274185180664e-04
6303,3.13000000460306182503700256347656e-04
6304,3.22000000778643880039453506469727e-04
6305,3.66999999641848262399435043334961e-04
6306,3.66000000212807208299636840820312e-04
6307,3.71000000086496584117412567138672e-04
6308,3.61999999768158886581659317016602e-04
6309,3.28999999510415364056825637817383e-04
6310,3.21000000440108124166727066040039e-04
6311,3.16999999995459802448749542236328e-04
6312,3.23000000207684934139251708984375e-04
6313,3.16999999995459802448749542236328e-04
6314,3.21999999869149178266525268554688e-04
6315,3.16999999995459802448749542236328e-04
6316,3.20999999530613422393798828125000e-04
6317,3.53999999788356944918632507324219e-04
6318,3.67999999980384018272161483764648e-04
6319,3.69000000318919774144887924194336e-04
6320,3.66000000212807208299636840820312e-04
6321,3.36999999490217305719852447509766e-04
6322,3.28000000081374309957027435302734e-04
6323,3.20999999530613422393798828125000e-04
6324,3.21999999869149178266525268554688e-04
6325,3.18999999763036612421274185180664e-04
6326,3.21000000440108124166727066040039e-04
6327,3.17999999424500856548547744750977e-04
6328,3.19999999192077666521072387695312e-04
6329,3.29999999848951119929552078247070e-04
6330,3.67999999980384018272161483764648e-04
6331,3.67999999980384018272161483764648e-04
6332,3.71000000086496584117412567138672e-04
6333,3.66999999641848262399435043334961e-04
6334,3.30999999277992174029350280761719e-04
6335,3.15000000227882992476224899291992e-04
6336,3.22999999298190232366323471069336e-04
6337,3.24999999975261744111776351928711e-04
6338,3.23000000207684934139251708984375e-04
6339,3.22000000778643880039453506469727e-04
6340,3.20999999530613422393798828125000e-04
6341,3.20999999530613422393798828125000e-04
6342,3.58999999662046320736408233642578e-04
6343,3.63000000106694642454385757446289e-04
6344,3.65000000783766154199838638305664e-04
6345,3.67999999980384018272161483764648e-04
6346,3.39000000167288817465305328369141e-04
6347,3.29999999848951119929552078247070e-04
6348,3.24000000546220690011978149414062e-04
6349,3.20999999530613422393798828125000e-04
6350,3.24000000546220690011978149414062e-04
6351,3.20999999530613422393798828125000e-04
6352,3.27000000652333255857229232788086e-04
6353,3.20000000101572368294000625610352e-04
6354,3.34999999722640495747327804565430e-04
6355,3.69999999747960828244686126708984e-04
6356,3.67999999980384018272161483764648e-04
6357,3.67999999980384018272161483764648e-04
6358,3.56999999894469510763883590698242e-04
6359,3.30000000758445821702480316162109e-04
6360,3.21999999869149178266525268554688e-04
6361,3.23000000207684934139251708984375e-04
6362,3.28000000081374309957027435302734e-04
6363,3.24000000546220690011978149414062e-04
6364,3.24000000546220690011978149414062e-04
6365,3.23000000207684934139251708984375e-04
6366,3.20999999530613422393798828125000e-04
6367,3.67000000551342964172363281250000e-04
6368,3.64999999874271452426910400390625e-04
6369,3.69000000318919774144887924194336e-04
6370,3.71999999515537638217210769653320e-04
6371,3.33999999384104739874601364135742e-04
6372,3.26999999742838554084300994873047e-04
6373,3.24999999975261744111776351928711e-04
6374,3.20000000101572368294000625610352e-04
6375,3.15999999656924046576023101806641e-04
6376,3.20999999530613422393798828125000e-04
6377,3.25999999404302798211574554443359e-04
6378,3.21999999869149178266525268554688e-04
6379,3.50000000253203324973583221435547e-04
6380,3.69999999747960828244686126708984e-04
6381,3.67999999980384018272161483764648e-04
6382,3.69000000318919774144887924194336e-04
6383,3.48999999914667569100856781005859e-04
6384,3.31000000187486875802278518676758e-04
6385,3.28000000081374309957027435302734e-04
6386,3.21999999869149178266525268554688e-04
6387,3.22999999298190232366323471069336e-04
6388,3.23000000207684934139251708984375e-04
6389,3.24999999975261744111776351928711e-04
6390,3.28999999510415364056825637817383e-04
6391,3.28999999510415364056825637817383e-04
6392,3.72000000425032339990139007568359e-04
6393,3.69000000318919774144887924194336e-04
6394,3.66000000212807208299636840820312e-04
6395,3.68999999409425072371959686279297e-04
6396,3.29999999848951119929552078247070e-04
6397,3.31000000187486875802278518676758e-04
6398,3.26000000313797499984502792358398e-04
6399,3.26000000313797499984502792358398e-04
6400,3.24999999975261744111776351928711e-04
6401,3.26000000313797499984502792358398e-04
6402,3.27000000652333255857229232788086e-04
6403,3.17999999424500856548547744750977e-04
6404,3.65999999303312506526708602905273e-04
6405,3.71000000086496584117412567138672e-04
6406,3.69999999747960828244686126708984e-04
6407,3.67999999980384018272161483764648e-04
6408,3.39000000167288817465305328369141e-04
6409,3.24999999975261744111776351928711e-04
6410,3.29999999848951119929552078247070e-04
6411,3.27999999171879608184099197387695e-04
6412,3.21000000440108124166727066040039e-04
6413,3.26999999742838554084300994873047e-04
6414,3.20999999530613422393798828125000e-04
6415,3.21999999869149178266525268554688e-04
6416,3.55000000126892700791358947753906e-04
6417,3.71999999515537638217210769653320e-04
6418,3.77000000298721715807914733886719e-04
6419,3.70000000657455530017614364624023e-04
6420,3.45999999808555003255605697631836e-04
6421,3.29999999848951119929552078247070e-04
6422,3.26999999742838554084300994873047e-04
6423,3.24000000546220690011978149414062e-04
6424,3.26000000313797499984502792358398e-04
6425,3.26000000313797499984502792358398e-04
6426,3.21999999869149178266525268554688e-04
6427,3.26000000313797499984502792358398e-04
6428,3.43000000611937139183282852172852e-04
6429,3.66999999641848262399435043334961e-04
6430,3.71999999515537638217210769653320e-04
6431,3.71999999515537638217210769653320e-04
6432,3.71000000086496584117412567138672e-04
6433,3.31000000187486875802278518676758e-04
6434,3.28999999510415364056825637817383e-04
6435,3.24999999975261744111776351928711e-04
6436,3.24999999975261744111776351928711e-04
6437,3.28999999510415364056825637817383e-04
6438,3.31999999616527929902076721191406e-04
6439,3.21999999869149178266525268554688e-04
6440,3.29999999848951119929552078247070e-04
6441,3.67999999980384018272161483764648e-04
6442,3.72000000425032339990139007568359e-04
6443,3.72000000425032339990139007568359e-04
6444,3.71000000086496584117412567138672e-04
6445,3.40000000505824573338031768798828e-04
6446,3.31999999616527929902076721191406e-04
6447,3.24999999975261744111776351928711e-04
6448,3.26999999742838554084300994873047e-04
6449,3.30999999277992174029350280761719e-04
6450,3.29000000419910065829753875732422e-04
6451,3.27999999171879608184099197387695e-04
6452,3.26000000313797499984502792358398e-04
6453,3.66000000212807208299636840820312e-04
6454,3.71999999515537638217210769653320e-04
6455,3.72000000425032339990139007568359e-04
6456,3.69999999747960828244686126708984e-04
6457,3.39000000167288817465305328369141e-04
6458,3.31000000187486875802278518676758e-04
6459,3.31999999616527929902076721191406e-04
6460,3.28000000081374309957027435302734e-04
6461,3.26000000313797499984502792358398e-04
6462,3.31000000187486875802278518676758e-04
6463,3.28000000081374309957027435302734e-04
6464,3.29999999848951119929552078247070e-04
6465,3.61000000339117832481861114501953e-04
6466,3.75999999960185959935188293457031e-04
6467,3.73999999283114448189735412597656e-04
6468,3.71000000086496584117412567138672e-04
6469,3.48999999914667569100856781005859e-04
6470,3.28000000081374309957027435302734e-04
6471,3.33999999384104739874601364135742e-04
6472,3.31999999616527929902076721191406e-04
6473,3.26000000313797499984502792358398e-04
6474,3.29000000419910065829753875732422e-04
6475,3.24000000546220690011978149414062e-04
6476,3.21000000440108124166727066040039e-04
6477,3.46999999237596057355403900146484e-04
6478,3.74000000192609149962663650512695e-04
6479,3.68999999409425072371959686279297e-04
6480,3.75999999960185959935188293457031e-04
6481,3.61999999768158886581659317016602e-04
6482,3.28000000081374309957027435302734e-04
6483,3.28999999510415364056825637817383e-04
6484,3.28000000081374309957027435302734e-04
6485,3.32999999955063685774803161621094e-04
6486,3.30999999277992174029350280761719e-04
6487,3.28999999510415364056825637817383e-04
6488,3.26999999742838554084300994873047e-04
6489,3.32000000526022631675004959106445e-04
6490,3.77999999727762769907712936401367e-04
6491,3.73999999283114448189735412597656e-04
6492,3.77000000298721715807914733886719e-04
6493,3.82000000172411091625690460205078e-04
6494,3.41999999363906681537628173828125e-04
6495,3.28000000081374309957027435302734e-04
6496,3.31999999616527929902076721191406e-04
6497,3.28999999510415364056825637817383e-04
6498,3.34000000293599441647529602050781e-04
6499,3.29999999848951119929552078247070e-04
6500,3.26999999742838554084300994873047e-04
6501,3.26999999742838554084300994873047e-04
6502,3.74000000192609149962663650512695e-04
6503,3.83999999939987901598215103149414e-04
6504,3.71000000086496584117412567138672e-04
6505,3.74000000192609149962663650512695e-04
6506,3.39999999596329871565103530883789e-04
6507,3.34999999722640495747327804565430e-04
6508,3.32999999955063685774803161621094e-04
6509,3.29999999848951119929552078247070e-04
6510,3.32999999955063685774803161621094e-04
6511,3.31000000187486875802278518676758e-04
6512,3.28000000081374309957027435302734e-04
6513,3.31999999616527929902076721191406e-04
6514,3.71999999515537638217210769653320e-04
6515,3.71999999515537638217210769653320e-04
6516,3.80000000404834281653165817260742e-04
6517,3.77000000298721715807914733886719e-04
6518,3.42000000273401383310556411743164e-04
6519,3.38000000738247763365507125854492e-04
6520,3.24999999975261744111776351928711e-04
6521,3.30000000758445821702480316162109e-04
6522,3.31000000187486875802278518676758e-04
6523,3.28000000081374309957027435302734e-04
6524,3.29000000419910065829753875732422e-04
6525,3.32000000526022631675004959106445e-04
6526,3.66000000212807208299636840820312e-04
6527,3.73000000763568095862865447998047e-04
6528,3.74999999621650204062461853027344e-04
6529,3.79000000066298525780439376831055e-04
6530,3.47000000147090759128332138061523e-04
6531,3.26000000313797499984502792358398e-04
6532,3.37999999828753061592578887939453e-04
6533,3.31999999616527929902076721191406e-04
6534,3.33999999384104739874601364135742e-04
6535,3.32999999955063685774803161621094e-04
6536,3.31000000187486875802278518676758e-04
6537,3.36000000061176251620054244995117e-04
6538,3.66000000212807208299636840820312e-04
6539,3.81000000743370037525892257690430e-04
6540,3.75999999960185959935188293457031e-04
6541,3.77000000298721715807914733886719e-04
6542,3.39999999596329871565103530883789e-04
6543,3.31000000187486875802278518676758e-04
6544,3.28000000081374309957027435302734e-04
6545,3.37000000399712007492780685424805e-04
6546,3.31000000187486875802278518676758e-04
6547,3.29999999848951119929552078247070e-04
6548,3.34000000293599441647529602050781e-04
6549,3.26000000313797499984502792358398e-04
6550,3.66000000212807208299636840820312e-04
6551,3.79000000066298525780439376831055e-04
6552,3.79999999495339579880237579345703e-04
6553,3.85999999707564711570739746093750e-04
6554,3.49999999343708623200654983520508e-04
6555,3.34000000293599441647529602050781e-04
6556,3.32999999955063685774803161621094e-04
6557,3.36000000061176251620054244995117e-04
6558,3.32000000526022631675004959106445e-04
6559,3.31000000187486875802278518676758e-04
6560,3.34000000293599441647529602050781e-04
6561,3.32999999955063685774803161621094e-04
6562,3.65999999303312506526708602905273e-04
6563,3.78999999156803824007511138916016e-04
6564,3.85000000278523657470941543579102e-04
6565,3.80999999833875335752964019775391e-04
6566,3.52000000020780134946107864379883e-04
6567,3.39000000167288817465305328369141e-04
6568,3.32999999955063685774803161621094e-04
6569,3.32000000526022631675004959106445e-04
6570,3.32999999955063685774803161621094e-04
6571,3.34000000293599441647529602050781e-04
6572,3.34999999722640495747327804565430e-04
6573,3.32999999955063685774803161621094e-04
6574,3.69999999747960828244686126708984e-04
6575,3.75000000531144905835390090942383e-04
6576,3.80999999833875335752964019775391e-04
6577,3.85000000278523657470941543579102e-04
6578,3.58000000233005266636610031127930e-04
6579,3.36999999490217305719852447509766e-04
6580,3.37999999828753061592578887939453e-04
6581,3.29999999848951119929552078247070e-04
6582,3.32999999955063685774803161621094e-04
6583,3.31999999616527929902076721191406e-04
6584,3.29999999848951119929552078247070e-04
6585,3.37000000399712007492780685424805e-04
6586,3.61999999768158886581659317016602e-04
6587,3.82000000172411091625690460205078e-04
6588,3.87000000046100467443466186523438e-04
6589,3.75999999960185959935188293457031e-04
6590,3.53999999788356944918632507324219e-04
6591,3.35999999151681549847126007080078e-04
6592,3.40000000505824573338031768798828e-04
6593,3.39000000167288817465305328369141e-04
6594,3.31999999616527929902076721191406e-04
6595,3.34999999722640495747327804565430e-04
6596,3.37999999828753061592578887939453e-04
6597,3.32999999955063685774803161621094e-04
6598,3.74999999621650204062461853027344e-04
6599,3.80999999833875335752964019775391e-04
6600,3.85999999707564711570739746093750e-04
6601,3.84999999369028955698013305664062e-04
6602,3.55999999555933754891157150268555e-04
6603,3.37999999828753061592578887939453e-04
6604,3.40999999934865627437829971313477e-04
6605,3.28999999510415364056825637817383e-04
6606,3.37999999828753061592578887939453e-04
6607,3.41000000844360329210758209228516e-04
6608,3.35000000632135197520256042480469e-04
6609,3.36999999490217305719852447509766e-04
6610,3.70999999177001882344484329223633e-04
6611,3.82000000172411091625690460205078e-04
6612,3.88999999813677277415990829467773e-04
6613,3.90000000152213033288717269897461e-04
6614,3.47999999576131813228130340576172e-04
6615,3.36999999490217305719852447509766e-04
6616,3.36999999490217305719852447509766e-04
6617,3.36999999490217305719852447509766e-04
6618,3.36999999490217305719852447509766e-04
6619,3.32999999955063685774803161621094e-04
6620,3.36000000061176251620054244995117e-04
6621,3.31000000187486875802278518676758e-04
6622,3.71000000086496584117412567138672e-04
6623,3.79999999495339579880237579345703e-04
6624,3.80999999833875335752964019775391e-04
6625,3.86000000617059413343667984008789e-04
6626,3.49999999343708623200654983520508e-04
6627,3.34000000293599441647529602050781e-04
6628,3.39999999596329871565103530883789e-04
6629,3.37999999828753061592578887939453e-04
6630,3.39000000167288817465305328369141e-04
6631,3.37999999828753061592578887939453e-04
6632,3.32000000526022631675004959106445e-04
6633,3.36999999490217305719852447509766e-04
6634,3.87000000046100467443466186523438e-04
6635,3.82999999601452145725488662719727e-04
6636,3.82999999601452145725488662719727e-04
6637,3.79999999495339579880237579345703e-04
6638,3.42999999702442437410354614257812e-04
6639,3.40999999934865627437829971313477e-04
6640,3.30999999277992174029350280761719e-04
6641,3.39000000167288817465305328369141e-04
6642,3.34999999722640495747327804565430e-04
6643,3.35000000632135197520256042480469e-04
6644,3.40999999934865627437829971313477e-04
6645,3.32999999955063685774803161621094e-04
6646,3.80999999833875335752964019775391e-04
6647,3.84999999369028955698013305664062e-04
6648,3.87000000046100467443466186523438e-04
6649,3.79000000066298525780439376831055e-04
6650,3.53999999788356944918632507324219e-04
6651,3.35000000632135197520256042480469e-04
6652,3.33999999384104739874601364135742e-04
6653,3.34999999722640495747327804565430e-04
6654,3.36999999490217305719852447509766e-04
6655,3.36999999490217305719852447509766e-04
6656,3.34000000293599441647529602050781e-04
6657,3.45000000379513949155807495117188e-04
6658,3.85999999707564711570739746093750e-04
6659,3.88000000384636223316192626953125e-04
6660,3.83999999939987901598215103149414e-04
6661,3.87999999475141521543264389038086e-04
6662,3.47000000147090759128332138061523e-04
6663,3.40000000505824573338031768798828e-04
6664,3.40999999934865627437829971313477e-04
6665,3.40999999934865627437829971313477e-04
6666,3.42000000273401383310556411743164e-04
6667,3.42999999702442437410354614257812e-04
6668,3.36000000061176251620054244995117e-04
6669,3.50999999682244379073381423950195e-04
6670,3.83999999939987901598215103149414e-04
6671,3.82000000172411091625690460205078e-04
6672,3.90000000152213033288717269897461e-04
6673,3.79999999495339579880237579345703e-04
6674,3.42000000273401383310556411743164e-04
6675,3.39000000167288817465305328369141e-04
6676,3.41999999363906681537628173828125e-04
6677,3.42000000273401383310556411743164e-04
6678,3.40999999934865627437829971313477e-04
6679,3.36000000061176251620054244995117e-04
6680,3.45000000379513949155807495117188e-04
6681,3.53999999788356944918632507324219e-04
6682,3.93999999687366653233766555786133e-04
6683,3.81000000743370037525892257690430e-04
6684,3.75999999960185959935188293457031e-04
6685,3.67999999980384018272161483764648e-04
6686,3.45000000379513949155807495117188e-04
6687,3.42000000273401383310556411743164e-04
6688,3.45000000379513949155807495117188e-04
6689,3.40999999934865627437829971313477e-04
6690,3.39999999596329871565103530883789e-04
6691,3.42999999702442437410354614257812e-04
6692,3.36999999490217305719852447509766e-04
6693,3.75999999960185959935188293457031e-04
6694,3.89999999242718331515789031982422e-04
6695,3.90000000152213033288717269897461e-04
6696,3.77999999727762769907712936401367e-04
6697,3.60000000000582076609134674072266e-04
6698,3.39000000167288817465305328369141e-04
6699,3.45000000379513949155807495117188e-04
6700,3.36000000061176251620054244995117e-04
6701,3.43000000611937139183282852172852e-04
6702,3.45000000379513949155807495117188e-04
6703,3.42000000273401383310556411743164e-04
6704,3.40000000505824573338031768798828e-04
6705,3.87999999475141521543264389038086e-04
6706,3.88999999813677277415990829467773e-04
6707,3.96999999793479219079017639160156e-04
6708,3.85000000278523657470941543579102e-04
6709,3.52000000020780134946107864379883e-04
6710,3.40999999934865627437829971313477e-04
6711,3.40999999934865627437829971313477e-04
6712,3.36000000061176251620054244995117e-04
6713,3.36000000061176251620054244995117e-04
6714,3.37999999828753061592578887939453e-04
6715,3.37999999828753061592578887939453e-04
6716,3.39000000167288817465305328369141e-04
6717,3.85000000278523657470941543579102e-04
6718,3.95999999454943463206291198730469e-04
6719,3.95999999454943463206291198730469e-04
6720,3.87000000046100467443466186523438e-04
6721,3.57999999323510564863681793212891e-04
6722,3.44000000040978193283081054687500e-04
6723,3.39000000167288817465305328369141e-04
6724,3.42000000273401383310556411743164e-04
6725,3.44999999470019247382879257202148e-04
6726,3.42000000273401383310556411743164e-04
6727,3.46000000718049705028533935546875e-04
6728,3.55999999555933754891157150268555e-04
6729,3.93000000258325599133968353271484e-04
6730,3.93000000258325599133968353271484e-04
6731,3.91999999919789843261241912841797e-04
6732,3.74000000192609149962663650512695e-04
6733,3.40000000505824573338031768798828e-04
6734,3.44000000040978193283081054687500e-04
6735,3.39000000167288817465305328369141e-04
6736,3.44000000040978193283081054687500e-04
6737,3.39999999596329871565103530883789e-04
6738,3.42999999702442437410354614257812e-04
6739,3.40999999934865627437829971313477e-04
6740,3.77000000298721715807914733886719e-04
6741,3.91999999919789843261241912841797e-04
6742,3.85999999707564711570739746093750e-04
6743,3.93000000258325599133968353271484e-04
6744,3.64999999874271452426910400390625e-04
6745,3.48999999914667569100856781005859e-04
6746,3.48999999914667569100856781005859e-04
6747,3.42000000273401383310556411743164e-04
6748,3.44000000040978193283081054687500e-04
6749,3.44000000040978193283081054687500e-04
6750,3.42000000273401383310556411743164e-04
6751,3.40999999934865627437829971313477e-04
6752,3.89999999242718331515789031982422e-04
6753,3.90000000152213033288717269897461e-04
6754,3.88000000384636223316192626953125e-04
6755,3.88999999813677277415990829467773e-04
6756,3.50000000253203324973583221435547e-04
6757,3.42999999702442437410354614257812e-04
6758,3.43000000611937139183282852172852e-04
6759,3.45999999808555003255605697631836e-04
6760,3.47000000147090759128332138061523e-04
6761,3.42999999702442437410354614257812e-04
6762,3.39000000167288817465305328369141e-04
6763,3.56000000465428456664085388183594e-04
6764,3.90999999581254087388515472412109e-04
6765,3.93000000258325599133968353271484e-04
6766,3.90000000152213033288717269897461e-04
6767,3.83000000510946847498416900634766e-04
6768,3.43000000611937139183282852172852e-04
6769,3.50999999682244379073381423950195e-04
6770,3.44999999470019247382879257202148e-04
6771,3.47999999576131813228130340576172e-04
6772,3.45999999808555003255605697631836e-04
6773,3.39000000167288817465305328369141e-04
6774,3.47000000147090759128332138061523e-04
6775,3.71000000086496584117412567138672e-04
6776,3.96999999793479219079017639160156e-04
6777,3.91999999919789843261241912841797e-04
6778,3.92999999348830897361040115356445e-04
6779,3.50999999682244379073381423950195e-04
6780,3.48999999914667569100856781005859e-04
6781,3.44000000040978193283081054687500e-04
6782,3.42999999702442437410354614257812e-04
6783,3.41999999363906681537628173828125e-04
6784,3.45999999808555003255605697631836e-04
6785,3.48000000485626515001058578491211e-04
6786,3.44000000040978193283081054687500e-04
6787,3.87000000046100467443466186523438e-04
6788,3.96000000364438164979219436645508e-04
6789,3.93000000258325599133968353271484e-04
6790,3.89999999242718331515789031982422e-04
6791,3.53999999788356944918632507324219e-04
6792,3.44999999470019247382879257202148e-04
6793,3.47000000147090759128332138061523e-04
6794,3.48000000485626515001058578491211e-04
6795,3.47999999576131813228130340576172e-04
6796,3.45000000379513949155807495117188e-04
6797,3.45999999808555003255605697631836e-04
6798,3.56000000465428456664085388183594e-04
6799,3.96000000364438164979219436645508e-04
6800,3.93999999687366653233766555786133e-04
6801,3.88999999813677277415990829467773e-04
6802,3.87000000046100467443466186523438e-04
6803,3.44999999470019247382879257202148e-04
6804,3.48999999914667569100856781005859e-04
6805,3.49999999343708623200654983520508e-04
6806,3.45999999808555003255605697631836e-04
6807,3.47999999576131813228130340576172e-04
6808,3.40999999934865627437829971313477e-04
6809,3.43000000611937139183282852172852e-04
6810,3.77000000298721715807914733886719e-04
6811,3.94000000596861355006694793701172e-04
6812,3.87000000046100467443466186523438e-04
6813,3.91999999919789843261241912841797e-04
6814,3.73999999283114448189735412597656e-04
6815,3.47000000147090759128332138061523e-04
6816,3.45000000379513949155807495117188e-04
6817,3.40999999934865627437829971313477e-04
6818,3.42999999702442437410354614257812e-04
6819,3.45999999808555003255605697631836e-04
6820,3.51000000591739080846309661865234e-04
6821,3.39000000167288817465305328369141e-04
6822,4.01000000238127540796995162963867e-04
6823,3.91999999919789843261241912841797e-04
6824,3.88999999813677277415990829467773e-04
6825,3.91999999919789843261241912841797e-04
6826,3.49999999343708623200654983520508e-04
6827,3.47000000147090759128332138061523e-04
6828,3.50000000253203324973583221435547e-04
6829,3.47999999576131813228130340576172e-04
6830,3.44999999470019247382879257202148e-04
6831,3.48999999914667569100856781005859e-04
6832,3.45999999808555003255605697631836e-04
6833,3.66000000212807208299636840820312e-04
6834,4.03000000005704350769519805908203e-04
6835,3.91999999919789843261241912841797e-04
6836,3.95000000025902409106492996215820e-04
6837,3.74999999621650204062461853027344e-04
6838,3.48999999914667569100856781005859e-04
6839,3.50000000253203324973583221435547e-04
6840,3.48000000485626515001058578491211e-04
6841,3.47000000147090759128332138061523e-04
6842,3.48000000485626515001058578491211e-04
6843,3.40999999934865627437829971313477e-04
6844,3.42999999702442437410354614257812e-04
6845,3.91999999919789843261241912841797e-04
6846,4.00999999328632839024066925048828e-04
6847,3.95999999454943463206291198730469e-04
6848,3.97000000702973920851945877075195e-04
6849,3.55999999555933754891157150268555e-04
6850,3.50000000253203324973583221435547e-04
6851,3.50000000253203324973583221435547e-04
6852,3.48999999914667569100856781005859e-04
6853,3.50999999682244379073381423950195e-04
6854,3.50999999682244379073381423950195e-04
6855,3.50000000253203324973583221435547e-04
6856,3.61000000339117832481861114501953e-04
6857,3.99999999899591784924268722534180e-04
6858,3.98999999561056029051542282104492e-04
6859,3.98000000132014974951744079589844e-04
6860,3.76999999389227014034986495971680e-04
6861,3.46999999237596057355403900146484e-04
6862,3.53999999788356944918632507324219e-04
6863,3.48000000485626515001058578491211e-04
6864,3.46000000718049705028533935546875e-04
6865,3.52000000020780134946107864379883e-04
6866,3.51000000591739080846309661865234e-04
6867,3.50000000253203324973583221435547e-04
6868,3.96999999793479219079017639160156e-04
6869,3.96999999793479219079017639160156e-04
6870,4.02000000576663296669721603393555e-04
6871,4.01000000238127540796995162963867e-04
6872,3.53999999788356944918632507324219e-04
6873,3.52000000020780134946107864379883e-04
6874,3.52999999449821189045906066894531e-04
6875,3.48999999914667569100856781005859e-04
6876,3.48999999914667569100856781005859e-04
6877,3.52000000020780134946107864379883e-04
6878,3.50999999682244379073381423950195e-04
6879,3.75000000531144905835390090942383e-04
6880,4.04000000344240106642246246337891e-04
6881,3.93999999687366653233766555786133e-04
6882,3.99000000470550730824470520019531e-04
6883,3.67999999980384018272161483764648e-04
6884,3.47999999576131813228130340576172e-04
6885,3.50999999682244379073381423950195e-04
6886,3.42999999702442437410354614257812e-04
6887,3.45999999808555003255605697631836e-04
6888,3.52000000020780134946107864379883e-04
6889,3.47000000147090759128332138061523e-04
6890,3.50999999682244379073381423950195e-04
6891,3.99999999899591784924268722534180e-04
6892,3.99999999899591784924268722534180e-04
6893,3.98000000132014974951744079589844e-04
6894,3.98000000132014974951744079589844e-04
6895,3.55999999555933754891157150268555e-04
6896,3.47999999576131813228130340576172e-04
6897,3.56999999894469510763883590698242e-04
6898,3.55000000126892700791358947753906e-04
6899,3.50999999682244379073381423950195e-04
6900,3.47999999576131813228130340576172e-04
6901,3.48999999914667569100856781005859e-04
6902,3.79000000066298525780439376831055e-04
6903,3.99000000470550730824470520019531e-04
6904,3.94000000596861355006694793701172e-04
6905,3.99000000470550730824470520019531e-04
6906,3.69999999747960828244686126708984e-04
6907,3.47000000147090759128332138061523e-04
6908,3.58999999662046320736408233642578e-04
6909,3.52999999449821189045906066894531e-04
6910,3.53999999788356944918632507324219e-04
6911,3.56999999894469510763883590698242e-04
6912,3.56000000465428456664085388183594e-04
6913,3.53000000359315890818834304809570e-04
6914,4.04999999773281160742044448852539e-04
6915,4.01999999667168594896793365478516e-04
6916,4.07999999879393726587295532226562e-04
6917,3.85000000278523657470941543579102e-04
6918,3.53000000359315890818834304809570e-04
6919,3.53999999788356944918632507324219e-04
6920,3.55999999555933754891157150268555e-04
6921,3.55000000126892700791358947753906e-04
6922,3.53000000359315890818834304809570e-04
6923,3.55000000126892700791358947753906e-04
6924,3.48999999914667569100856781005859e-04
6925,3.96000000364438164979219436645508e-04
6926,4.06000000111816916614770889282227e-04
6927,3.99999999899591784924268722534180e-04
6928,4.03000000005704350769519805908203e-04
6929,3.60000000000582076609134674072266e-04
6930,3.52000000020780134946107864379883e-04
6931,3.48999999914667569100856781005859e-04
6932,3.46999999237596057355403900146484e-04
6933,3.45999999808555003255605697631836e-04
6934,3.52000000020780134946107864379883e-04
6935,3.53000000359315890818834304809570e-04
6936,3.69999999747960828244686126708984e-04
6937,4.02000000576663296669721603393555e-04
6938,3.99000000470550730824470520019531e-04
6939,4.01999999667168594896793365478516e-04
6940,3.80999999833875335752964019775391e-04
6941,3.59000000571541022509336471557617e-04
6942,3.49999999343708623200654983520508e-04
6943,3.45999999808555003255605697631836e-04
6944,3.54999999217397999018430709838867e-04
6945,3.53000000359315890818834304809570e-04
6946,3.54000000697851646691560745239258e-04
6947,3.58000000233005266636610031127930e-04
6948,3.95000000025902409106492996215820e-04
6949,3.98000000132014974951744079589844e-04
6950,4.02000000576663296669721603393555e-04
6951,4.00999999328632839024066925048828e-04
6952,3.55000000126892700791358947753906e-04
6953,3.56999999894469510763883590698242e-04
6954,3.53000000359315890818834304809570e-04
6955,3.56000000465428456664085388183594e-04
6956,3.50000000253203324973583221435547e-04
6957,3.53000000359315890818834304809570e-04
6958,3.55000000126892700791358947753906e-04
6959,3.91000000490748789161443710327148e-04
6960,4.02000000576663296669721603393555e-04
6961,4.03000000005704350769519805908203e-04
6962,4.04999999773281160742044448852539e-04
6963,3.62999999197199940681457519531250e-04
6964,3.53999999788356944918632507324219e-04
6965,3.60999999429623130708932876586914e-04
6966,3.55000000126892700791358947753906e-04
6967,3.58999999662046320736408233642578e-04
6968,3.53999999788356944918632507324219e-04
6969,3.54999999217397999018430709838867e-04
6970,3.71000000086496584117412567138672e-04
6971,4.03999999434745404869318008422852e-04
6972,4.04999999773281160742044448852539e-04
6973,4.03000000005704350769519805908203e-04
6974,3.79000000066298525780439376831055e-04
6975,3.56000000465428456664085388183594e-04
6976,3.53000000359315890818834304809570e-04
6977,3.55000000126892700791358947753906e-04
6978,3.55999999555933754891157150268555e-04
6979,3.56999999894469510763883590698242e-04
6980,3.56000000465428456664085388183594e-04
6981,3.55000000126892700791358947753906e-04
6982,4.06000000111816916614770889282227e-04
6983,4.01999999667168594896793365478516e-04
6984,4.03000000005704350769519805908203e-04
6985,4.03000000005704350769519805908203e-04
6986,3.58000000233005266636610031127930e-04
6987,3.55000000126892700791358947753906e-04
6988,3.60000000000582076609134674072266e-04
6989,3.56999999894469510763883590698242e-04
6990,3.55000000126892700791358947753906e-04
6991,3.60000000000582076609134674072266e-04
6992,3.53000000359315890818834304809570e-04
6993,3.90000000152213033288717269897461e-04
6994,4.06000000111816916614770889282227e-04
6995,4.04999999773281160742044448852539e-04
6996,3.99000000470550730824470520019531e-04
6997,3.63000000106694642454385757446289e-04
6998,3.60999999429623130708932876586914e-04
6999,3.57999999323510564863681793212891e-04
7000,3.60000000000582076609134674072266e-04
7001,3.53999999788356944918632507324219e-04
7002,3.55000000126892700791358947753906e-04
7003,3.58999999662046320736408233642578e-04
7004,3.66000000212807208299636840820312e-04
7005,4.07000000450352672487497329711914e-04
7006,4.07999999879393726587295532226562e-04
7007,4.07999999879393726587295532226562e-04
7008,3.77999999727762769907712936401367e-04
7009,3.63999999535735696554183959960938e-04
7010,3.58000000233005266636610031127930e-04
7011,3.58000000233005266636610031127930e-04
7012,3.60000000000582076609134674072266e-04
7013,3.49000000824162270873785018920898e-04
7014,3.53999999788356944918632507324219e-04
7015,3.55999999555933754891157150268555e-04
7016,4.01000000238127540796995162963867e-04
7017,4.04999999773281160742044448852539e-04
7018,4.07999999879393726587295532226562e-04
7019,4.01000000238127540796995162963867e-04
7020,3.62000000677653588354587554931641e-04
7021,3.64999999874271452426910400390625e-04
7022,3.55000000126892700791358947753906e-04
7023,3.62000000677653588354587554931641e-04
7024,3.58000000233005266636610031127930e-04
7025,3.56999999894469510763883590698242e-04
7026,3.53999999788356944918632507324219e-04
7027,4.06000000111816916614770889282227e-04
7028,4.12000000324042048305273056030273e-04
7029,4.09000000217929482460021972656250e-04
7030,4.03999999434745404869318008422852e-04
7031,3.56999999894469510763883590698242e-04
7032,3.61999999768158886581659317016602e-04
7033,3.61999999768158886581659317016602e-04
7034,3.55999999555933754891157150268555e-04
7035,3.56999999894469510763883590698242e-04
7036,3.58999999662046320736408233642578e-04
7037,3.56999999894469510763883590698242e-04
7038,4.03000000005704350769519805908203e-04
7039,4.03000000005704350769519805908203e-04
7040,4.12999999753083102405071258544922e-04
7041,4.06000000111816916614770889282227e-04
7042,3.66999999641848262399435043334961e-04
7043,3.59000000571541022509336471557617e-04
7044,3.60000000000582076609134674072266e-04
7045,3.59000000571541022509336471557617e-04
7046,3.64000000445230398327112197875977e-04
7047,3.59000000571541022509336471557617e-04
7048,3.60000000000582076609134674072266e-04
7049,3.88999999813677277415990829467773e-04
7050,4.03999999434745404869318008422852e-04
7051,4.15999999859195668250322341918945e-04
7052,4.09999999646970536559820175170898e-04
7053,3.74000000192609149962663650512695e-04
7054,3.63999999535735696554183959960938e-04
7055,3.65999999303312506526708602905273e-04
7056,3.61000000339117832481861114501953e-04
7057,3.58999999662046320736408233642578e-04
7058,3.56999999894469510763883590698242e-04
7059,3.63000000106694642454385757446289e-04
7060,3.79000000066298525780439376831055e-04
7061,4.09999999646970536559820175170898e-04
7062,4.10999999985506292432546615600586e-04
7063,4.14999999520659912377595901489258e-04
7064,3.86000000617059413343667984008789e-04
7065,3.66999999641848262399435043334961e-04
7066,3.63000000106694642454385757446289e-04
7067,3.61999999768158886581659317016602e-04
7068,3.60000000000582076609134674072266e-04
7069,3.64999999874271452426910400390625e-04
7070,3.66000000212807208299636840820312e-04
7071,3.67999999980384018272161483764648e-04
7072,4.15999999859195668250322341918945e-04
7073,4.09000000217929482460021972656250e-04
7074,4.13999999182124156504869461059570e-04
7075,3.91999999919789843261241912841797e-04
7076,3.63000000106694642454385757446289e-04
7077,3.63999999535735696554183959960938e-04
7078,3.62000000677653588354587554931641e-04
7079,3.64999999874271452426910400390625e-04
7080,3.58999999662046320736408233642578e-04
7081,3.58000000233005266636610031127930e-04
7082,3.61999999768158886581659317016602e-04
7083,4.14000000091618858277797698974609e-04
7084,4.08999999308434780687093734741211e-04
7085,4.14000000091618858277797698974609e-04
7086,3.91999999919789843261241912841797e-04
7087,3.61999999768158886581659317016602e-04
7088,3.61999999768158886581659317016602e-04
7089,3.59000000571541022509336471557617e-04
7090,3.63000000106694642454385757446289e-04
7091,3.61999999768158886581659317016602e-04
7092,3.61999999768158886581659317016602e-04
7093,3.63000000106694642454385757446289e-04
7094,4.10999999985506292432546615600586e-04
7095,4.18000000536267179995775222778320e-04
7096,4.06999999540857970714569091796875e-04
7097,4.07999999879393726587295532226562e-04
7098,3.71000000086496584117412567138672e-04
7099,3.59000000571541022509336471557617e-04
7100,3.62999999197199940681457519531250e-04
7101,3.71000000086496584117412567138672e-04
7102,3.66000000212807208299636840820312e-04
7103,3.62000000677653588354587554931641e-04
7104,3.60999999429623130708932876586914e-04
7105,4.05000000682775862514972686767578e-04
7106,4.12999999753083102405071258544922e-04
7107,4.12999999753083102405071258544922e-04
7108,4.06999999540857970714569091796875e-04
7109,3.71000000086496584117412567138672e-04
7110,3.67999999980384018272161483764648e-04
7111,3.65000000783766154199838638305664e-04
7112,3.67999999980384018272161483764648e-04
7113,3.61000000339117832481861114501953e-04
7114,3.59000000571541022509336471557617e-04
7115,3.63000000106694642454385757446289e-04
7116,4.18000000536267179995775222778320e-04
7117,4.14000000091618858277797698974609e-04
7118,4.10000000556465238332748413085938e-04
7119,4.16000000768690370023250579833984e-04
7120,3.65999999303312506526708602905273e-04
7121,3.66000000212807208299636840820312e-04
7122,3.66000000212807208299636840820312e-04
7123,3.61000000339117832481861114501953e-04
7124,3.64999999874271452426910400390625e-04
7125,3.66999999641848262399435043334961e-04
7126,3.61999999768158886581659317016602e-04
7127,4.06000000111816916614770889282227e-04
7128,4.18000000536267179995775222778320e-04
7129,4.15999999859195668250322341918945e-04
7130,4.17000000197731424123048782348633e-04
7131,3.72999999854073394089937210083008e-04
7132,3.72000000425032339990139007568359e-04
7133,3.66999999641848262399435043334961e-04
7134,3.55000000126892700791358947753906e-04
7135,3.67999999980384018272161483764648e-04
7136,3.60999999429623130708932876586914e-04
7137,3.63000000106694642454385757446289e-04
7138,4.10000000556465238332748413085938e-04
7139,4.12999999753083102405071258544922e-04
7140,4.17000000197731424123048782348633e-04
7141,4.18999999965308234095573425292969e-04
7142,3.67000000551342964172363281250000e-04
7143,3.64999999874271452426910400390625e-04
7144,3.63000000106694642454385757446289e-04
7145,3.64000000445230398327112197875977e-04
7146,3.64000000445230398327112197875977e-04
7147,3.66999999641848262399435043334961e-04
7148,3.56999999894469510763883590698242e-04
7149,4.01000000238127540796995162963867e-04
7150,4.15999999859195668250322341918945e-04
7151,4.17999999626772478222846984863281e-04
7152,4.15000000430154614150524139404297e-04
7153,3.66999999641848262399435043334961e-04
7154,3.67999999980384018272161483764648e-04
7155,3.58999999662046320736408233642578e-04
7156,3.69000000318919774144887924194336e-04
7157,3.72999999854073394089937210083008e-04
7158,3.66999999641848262399435043334961e-04
7159,3.67000000551342964172363281250000e-04
7160,4.04999999773281160742044448852539e-04
7161,4.14000000091618858277797698974609e-04
7162,4.17000000197731424123048782348633e-04
7163,4.15999999859195668250322341918945e-04
7164,3.75999999960185959935188293457031e-04
7165,3.71000000086496584117412567138672e-04
7166,3.67999999980384018272161483764648e-04
7167,3.64999999874271452426910400390625e-04
7168,3.63999999535735696554183959960938e-04
7169,3.66000000212807208299636840820312e-04
7170,3.66999999641848262399435043334961e-04
7171,4.04999999773281160742044448852539e-04
7172,4.20999999732885044068098068237305e-04
7173,4.18999999965308234095573425292969e-04
7174,4.18000000536267179995775222778320e-04
7175,3.75999999960185959935188293457031e-04
7176,3.66999999641848262399435043334961e-04
7177,3.61000000339117832481861114501953e-04
7178,3.66000000212807208299636840820312e-04
7179,3.67999999980384018272161483764648e-04
7180,3.63000000106694642454385757446289e-04
7181,3.66999999641848262399435043334961e-04
7182,4.09999999646970536559820175170898e-04
7183,4.18999999965308234095573425292969e-04
7184,4.12999999753083102405071258544922e-04
7185,4.17000000197731424123048782348633e-04
7186,3.74000000192609149962663650512695e-04
7187,3.68999999409425072371959686279297e-04
7188,3.69000000318919774144887924194336e-04
7189,3.61999999768158886581659317016602e-04
7190,3.69000000318919774144887924194336e-04
7191,3.75999999960185959935188293457031e-04
7192,3.63999999535735696554183959960938e-04
7193,4.01000000238127540796995162963867e-04
7194,4.20000000303843989968299865722656e-04
7195,4.18999999965308234095573425292969e-04
7196,4.12000000324042048305273056030273e-04
7197,3.74999999621650204062461853027344e-04
7198,3.74000000192609149962663650512695e-04
7199,3.67999999980384018272161483764648e-04
7200,3.67999999980384018272161483764648e-04
7201,3.71000000086496584117412567138672e-04
7202,3.59000000571541022509336471557617e-04
7203,3.63999999535735696554183959960938e-04
7204,4.13999999182124156504869461059570e-04
7205,4.16999999288236722350120544433594e-04
7206,4.15999999859195668250322341918945e-04
7207,4.18000000536267179995775222778320e-04
7208,3.77999999727762769907712936401367e-04
7209,3.71000000086496584117412567138672e-04
7210,3.70000000657455530017614364624023e-04
7211,3.72999999854073394089937210083008e-04
7212,3.66999999641848262399435043334961e-04
7213,3.68999999409425072371959686279297e-04
7214,3.72999999854073394089937210083008e-04
7215,4.10999999985506292432546615600586e-04
7216,4.24000000748492311686277389526367e-04
7217,4.20999999732885044068098068237305e-04
7218,4.09999999646970536559820175170898e-04
7219,3.77999999727762769907712936401367e-04
7220,3.68999999409425072371959686279297e-04
7221,3.66999999641848262399435043334961e-04
7222,3.61999999768158886581659317016602e-04
7223,3.74999999621650204062461853027344e-04
7224,3.69999999747960828244686126708984e-04
7225,3.72999999854073394089937210083008e-04
7226,4.20000000303843989968299865722656e-04
7227,4.22999999500461854040622711181641e-04
7228,4.26999999945110175758600234985352e-04
7229,4.12000000324042048305273056030273e-04
7230,3.74000000192609149962663650512695e-04
7231,3.69999999747960828244686126708984e-04
7232,3.64999999874271452426910400390625e-04
7233,3.76999999389227014034986495971680e-04
7234,3.71000000086496584117412567138672e-04
7235,3.66999999641848262399435043334961e-04
7236,3.73999999283114448189735412597656e-04
7237,4.18000000536267179995775222778320e-04
7238,4.25000000177533365786075592041016e-04
7239,4.22999999500461854040622711181641e-04
7240,4.05000000682775862514972686767578e-04
7241,3.68999999409425072371959686279297e-04
7242,3.71000000086496584117412567138672e-04
7243,3.72000000425032339990139007568359e-04
7244,3.69000000318919774144887924194336e-04
7245,3.69999999747960828244686126708984e-04
7246,3.72000000425032339990139007568359e-04
7247,3.67999999980384018272161483764648e-04
7248,4.20000000303843989968299865722656e-04
7249,4.23999999838997609913349151611328e-04
7250,4.15999999859195668250322341918945e-04
7251,3.95999999454943463206291198730469e-04
7252,3.70000000657455530017614364624023e-04
7253,3.71000000086496584117412567138672e-04
7254,3.66999999641848262399435043334961e-04
7255,3.69999999747960828244686126708984e-04
7256,3.77999999727762769907712936401367e-04
7257,3.68999999409425072371959686279297e-04
7258,3.79999999495339579880237579345703e-04
7259,4.26000000516069121658802032470703e-04
7260,4.19999999394349288195371627807617e-04
7261,4.22999999500461854040622711181641e-04
7262,3.98999999561056029051542282104492e-04
7263,3.77000000298721715807914733886719e-04
7264,3.67999999980384018272161483764648e-04
7265,3.67999999980384018272161483764648e-04
7266,3.69000000318919774144887924194336e-04
7267,3.71000000086496584117412567138672e-04
7268,3.74000000192609149962663650512695e-04
7269,3.93000000258325599133968353271484e-04
7270,4.22000000071420799940824508666992e-04
7271,4.17999999626772478222846984863281e-04
7272,4.23999999838997609913349151611328e-04
7273,3.85000000278523657470941543579102e-04
7274,3.77000000298721715807914733886719e-04
7275,3.78000000637257471680641174316406e-04
7276,3.77000000298721715807914733886719e-04
7277,3.71000000086496584117412567138672e-04
7278,3.77999999727762769907712936401367e-04
7279,3.75999999960185959935188293457031e-04
7280,4.07000000450352672487497329711914e-04
7281,4.25000000177533365786075592041016e-04
7282,4.23999999838997609913349151611328e-04
7283,4.25000000177533365786075592041016e-04
7284,3.80000000404834281653165817260742e-04
7285,3.77000000298721715807914733886719e-04
7286,3.67999999980384018272161483764648e-04
7287,3.69999999747960828244686126708984e-04
7288,3.75000000531144905835390090942383e-04
7289,3.74000000192609149962663650512695e-04
7290,3.72999999854073394089937210083008e-04
7291,4.20999999732885044068098068237305e-04
7292,4.28999999712686985731124877929688e-04
7293,4.26000000516069121658802032470703e-04
7294,4.20000000303843989968299865722656e-04
7295,3.85000000278523657470941543579102e-04
7296,3.77000000298721715807914733886719e-04
7297,3.69000000318919774144887924194336e-04
7298,3.71000000086496584117412567138672e-04
7299,3.71000000086496584117412567138672e-04
7300,3.74999999621650204062461853027344e-04
7301,3.74000000192609149962663650512695e-04
7302,4.23000000409956555813550949096680e-04
7303,4.28999999712686985731124877929688e-04
7304,4.22999999500461854040622711181641e-04
7305,4.09999999646970536559820175170898e-04
7306,3.77999999727762769907712936401367e-04
7307,3.71000000086496584117412567138672e-04
7308,3.70000000657455530017614364624023e-04
7309,3.69000000318919774144887924194336e-04
7310,3.72000000425032339990139007568359e-04
7311,3.75999999960185959935188293457031e-04
7312,3.83999999939987901598215103149414e-04
7313,4.27999999374151229858398437500000e-04
7314,4.26999999945110175758600234985352e-04
7315,4.29000000622181687504053115844727e-04
7316,3.96000000364438164979219436645508e-04
7317,3.70999999177001882344484329223633e-04
7318,3.77000000298721715807914733886719e-04
7319,3.77999999727762769907712936401367e-04
7320,3.75999999960185959935188293457031e-04
7321,3.77000000298721715807914733886719e-04
7322,3.74000000192609149962663650512695e-04
7323,3.93000000258325599133968353271484e-04
7324,4.28000000283645931631326675415039e-04
7325,4.29000000622181687504053115844727e-04
7326,4.26000000516069121658802032470703e-04
7327,3.87000000046100467443466186523438e-04
7328,3.71999999515537638217210769653320e-04
7329,3.70000000657455530017614364624023e-04
7330,3.77000000298721715807914733886719e-04
7331,3.79999999495339579880237579345703e-04
7332,3.77000000298721715807914733886719e-04
7333,3.77999999727762769907712936401367e-04
7334,3.96000000364438164979219436645508e-04
7335,4.25000000177533365786075592041016e-04
7336,4.21999999161926098167896270751953e-04
7337,4.24999999268038664013147354125977e-04
7338,3.85000000278523657470941543579102e-04
7339,3.71000000086496584117412567138672e-04
7340,3.74000000192609149962663650512695e-04
7341,3.75999999960185959935188293457031e-04
7342,3.73999999283114448189735412597656e-04
7343,3.64999999874271452426910400390625e-04
7344,3.82999999601452145725488662719727e-04
7345,4.13000000662577804177999496459961e-04
7346,4.19999999394349288195371627807617e-04
7347,4.23999999838997609913349151611328e-04
7348,4.28000000283645931631326675415039e-04
7349,3.88999999813677277415990829467773e-04
7350,3.78999999156803824007511138916016e-04
7351,3.79000000066298525780439376831055e-04
7352,3.74999999621650204062461853027344e-04
7353,3.74999999621650204062461853027344e-04
7354,3.77000000298721715807914733886719e-04
7355,3.75999999960185959935188293457031e-04
7356,4.15000000430154614150524139404297e-04
7357,4.26999999945110175758600234985352e-04
7358,4.26999999945110175758600234985352e-04
7359,4.12999999753083102405071258544922e-04
7360,3.75999999960185959935188293457031e-04
7361,3.75000000531144905835390090942383e-04
7362,3.74000000192609149962663650512695e-04
7363,3.75000000531144905835390090942383e-04
7364,3.74000000192609149962663650512695e-04
7365,3.77999999727762769907712936401367e-04
7366,3.85999999707564711570739746093750e-04
7367,4.38000000031024683266878128051758e-04
7368,4.34000000495871063321828842163086e-04
7369,4.25000000177533365786075592041016e-04
7370,3.96000000364438164979219436645508e-04
7371,3.80000000404834281653165817260742e-04
7372,3.72999999854073394089937210083008e-04
7373,3.74999999621650204062461853027344e-04
7374,3.76999999389227014034986495971680e-04
7375,3.77000000298721715807914733886719e-04
7376,3.75000000531144905835390090942383e-04
7377,4.04999999773281160742044448852539e-04
7378,4.34999999924912117421627044677734e-04
7379,4.20999999732885044068098068237305e-04
7380,4.25000000177533365786075592041016e-04
7381,3.91999999919789843261241912841797e-04
7382,3.75999999960185959935188293457031e-04
7383,3.79000000066298525780439376831055e-04
7384,3.78000000637257471680641174316406e-04
7385,3.80000000404834281653165817260742e-04
7386,3.75999999960185959935188293457031e-04
7387,3.77999999727762769907712936401367e-04
7388,4.20999999732885044068098068237305e-04
7389,4.27999999374151229858398437500000e-04
7390,4.31999999818799551576375961303711e-04
7391,4.26999999945110175758600234985352e-04
7392,3.94000000596861355006694793701172e-04
7393,3.79000000066298525780439376831055e-04
7394,3.79000000066298525780439376831055e-04
7395,3.79000000066298525780439376831055e-04
7396,3.79000000066298525780439376831055e-04
7397,3.80999999833875335752964019775391e-04
7398,3.78000000637257471680641174316406e-04
7399,4.27000000854604877531528472900391e-04
7400,4.30000000051222741603851318359375e-04
7401,4.31999999818799551576375961303711e-04
7402,4.14000000091618858277797698974609e-04
7403,3.74000000192609149962663650512695e-04
7404,3.77000000298721715807914733886719e-04
7405,3.77999999727762769907712936401367e-04
7406,3.80000000404834281653165817260742e-04
7407,3.79000000066298525780439376831055e-04
7408,3.79000000066298525780439376831055e-04
7409,3.93999999687366653233766555786133e-04
7410,4.33000000157335307449102401733398e-04
7411,4.29999999141728039830923080444336e-04
7412,4.30999999480263795703649520874023e-04
7413,3.91000000490748789161443710327148e-04
7414,3.77999999727762769907712936401367e-04
7415,3.83000000510946847498416900634766e-04
7416,3.80999999833875335752964019775391e-04
7417,3.83999999939987901598215103149414e-04
7418,3.74999999621650204062461853027344e-04
7419,3.80999999833875335752964019775391e-04
7420,4.18999999965308234095573425292969e-04
7421,4.36999999692488927394151687622070e-04
7422,4.33000000157335307449102401733398e-04
7423,4.26999999945110175758600234985352e-04
7424,3.86000000617059413343667984008789e-04
7425,3.85000000278523657470941543579102e-04
7426,3.79999999495339579880237579345703e-04
7427,3.77000000298721715807914733886719e-04
7428,3.77999999727762769907712936401367e-04
7429,3.83999999939987901598215103149414e-04
7430,3.81000000743370037525892257690430e-04
7431,4.36999999692488927394151687622070e-04
7432,4.33000000157335307449102401733398e-04
7433,4.31000000389758497476577758789062e-04
7434,4.03000000005704350769519805908203e-04
7435,3.90000000152213033288717269897461e-04
7436,3.84999999369028955698013305664062e-04
7437,3.80000000404834281653165817260742e-04
7438,3.81000000743370037525892257690430e-04
7439,3.82000000172411091625690460205078e-04
7440,3.69999999747960828244686126708984e-04
7441,4.17999999626772478222846984863281e-04
7442,4.39000000369560439139604568481445e-04
7443,4.39000000369560439139604568481445e-04
7444,4.28999999712686985731124877929688e-04
7445,3.96000000364438164979219436645508e-04
7446,3.82000000172411091625690460205078e-04
7447,3.87000000046100467443466186523438e-04
7448,3.79000000066298525780439376831055e-04
7449,3.81999999262916389852762222290039e-04
7450,3.83000000510946847498416900634766e-04
7451,3.80000000404834281653165817260742e-04
7452,4.38000000031024683266878128051758e-04
7453,4.39000000369560439139604568481445e-04
7454,4.28000000283645931631326675415039e-04
7455,4.06000000111816916614770889282227e-04
7456,3.88000000384636223316192626953125e-04
7457,3.83999999939987901598215103149414e-04
7458,3.80000000404834281653165817260742e-04
7459,3.77000000298721715807914733886719e-04
7460,3.83999999939987901598215103149414e-04
7461,3.76999999389227014034986495971680e-04
7462,3.99999999899591784924268722534180e-04
7463,4.38000000031024683266878128051758e-04
7464,4.36000000263447873294353485107422e-04
7465,4.32000000728294253349304199218750e-04
7466,3.87000000046100467443466186523438e-04
7467,3.90999999581254087388515472412109e-04
7468,3.85999999707564711570739746093750e-04
7469,3.80999999833875335752964019775391e-04
7470,3.79999999495339579880237579345703e-04
7471,3.85000000278523657470941543579102e-04
7472,3.77000000298721715807914733886719e-04
7473,4.34999999924912117421627044677734e-04
7474,4.37000000601983629167079925537109e-04
7475,4.32000000728294253349304199218750e-04
7476,4.25999999606574419885873794555664e-04
7477,3.88999999813677277415990829467773e-04
7478,3.90000000152213033288717269897461e-04
7479,3.85000000278523657470941543579102e-04
7480,3.85000000278523657470941543579102e-04
7481,3.85999999707564711570739746093750e-04
7482,3.82000000172411091625690460205078e-04
7483,3.98000000132014974951744079589844e-04
7484,4.36999999692488927394151687622070e-04
7485,4.33999999586376361548900604248047e-04
7486,4.30999999480263795703649520874023e-04
7487,3.90000000152213033288717269897461e-04
7488,3.91000000490748789161443710327148e-04
7489,3.85000000278523657470941543579102e-04
7490,3.81000000743370037525892257690430e-04
7491,3.88999999813677277415990829467773e-04
7492,3.80000000404834281653165817260742e-04
7493,3.77000000298721715807914733886719e-04
7494,4.26999999945110175758600234985352e-04
7495,4.34999999924912117421627044677734e-04
7496,4.34999999924912117421627044677734e-04
7497,4.28000000283645931631326675415039e-04
7498,3.82999999601452145725488662719727e-04
7499,3.85999999707564711570739746093750e-04
7500,3.81999999262916389852762222290039e-04
7501,3.85000000278523657470941543579102e-04
7502,3.87000000046100467443466186523438e-04
7503,3.87000000046100467443466186523438e-04
7504,3.92999999348830897361040115356445e-04
7505,4.44999999672290869057178497314453e-04
7506,4.41000000137137249112129211425781e-04
7507,4.33000000157335307449102401733398e-04
7508,4.01000000238127540796995162963867e-04
7509,3.90999999581254087388515472412109e-04
7510,3.77999999727762769907712936401367e-04
7511,3.82000000172411091625690460205078e-04
7512,3.88999999813677277415990829467773e-04
7513,3.85000000278523657470941543579102e-04
7514,3.80999999833875335752964019775391e-04
7515,4.26999999945110175758600234985352e-04
7516,4.44000000243249814957380294799805e-04
7517,4.39000000369560439139604568481445e-04
7518,4.35999999353953171521425247192383e-04
7519,3.90000000152213033288717269897461e-04
7520,3.87999999475141521543264389038086e-04
7521,3.82000000172411091625690460205078e-04
7522,3.85999999707564711570739746093750e-04
7523,3.87999999475141521543264389038086e-04
7524,3.83000000510946847498416900634766e-04
7525,3.98000000132014974951744079589844e-04
7526,4.38000000031024683266878128051758e-04
7527,4.38000000031024683266878128051758e-04
7528,4.35999999353953171521425247192383e-04
7529,4.06000000111816916614770889282227e-04
7530,3.90999999581254087388515472412109e-04
7531,3.85000000278523657470941543579102e-04
7532,3.87000000046100467443466186523438e-04
7533,3.86000000617059413343667984008789e-04
7534,3.87000000046100467443466186523438e-04
7535,3.82000000172411091625690460205078e-04
7536,4.37000000601983629167079925537109e-04
7537,4.36999999692488927394151687622070e-04
7538,4.39999999798601493239402770996094e-04
7539,4.26999999945110175758600234985352e-04
7540,3.89999999242718331515789031982422e-04
7541,3.90000000152213033288717269897461e-04
7542,3.82000000172411091625690460205078e-04
7543,3.90000000152213033288717269897461e-04
7544,3.86000000617059413343667984008789e-04
7545,3.88999999813677277415990829467773e-04
7546,3.99999999899591784924268722534180e-04
7547,4.38999999460065737366676330566406e-04
7548,4.34999999924912117421627044677734e-04
7549,4.36000000263447873294353485107422e-04
7550,3.99000000470550730824470520019531e-04
7551,3.90000000152213033288717269897461e-04
7552,3.88000000384636223316192626953125e-04
7553,3.85000000278523657470941543579102e-04
7554,3.85999999707564711570739746093750e-04
7555,3.88000000384636223316192626953125e-04
7556,3.87999999475141521543264389038086e-04
7557,4.38000000031024683266878128051758e-04
7558,4.46999999439867679029703140258789e-04
7559,4.39000000369560439139604568481445e-04
7560,4.18999999965308234095573425292969e-04
7561,3.90999999581254087388515472412109e-04
7562,3.89999999242718331515789031982422e-04
7563,3.83999999939987901598215103149414e-04
7564,3.89999999242718331515789031982422e-04
7565,3.89000000723171979188919067382812e-04
7566,3.81000000743370037525892257690430e-04
7567,4.09999999646970536559820175170898e-04
7568,4.39999999798601493239402770996094e-04
7569,4.42000000475673004984855651855469e-04
7570,4.39000000369560439139604568481445e-04
7571,3.93000000258325599133968353271484e-04
7572,3.82000000172411091625690460205078e-04
7573,3.85000000278523657470941543579102e-04
7574,3.86000000617059413343667984008789e-04
7575,3.82000000172411091625690460205078e-04
7576,3.83999999939987901598215103149414e-04
7577,3.80999999833875335752964019775391e-04
7578,4.45000000581785570830106735229492e-04
7579,4.44000000243249814957380294799805e-04
7580,4.38999999460065737366676330566406e-04
7581,4.10999999985506292432546615600586e-04
7582,3.91000000490748789161443710327148e-04
7583,3.87000000046100467443466186523438e-04
7584,3.87999999475141521543264389038086e-04
7585,3.85000000278523657470941543579102e-04
7586,3.87000000046100467443466186523438e-04
7587,3.80999999833875335752964019775391e-04
7588,4.23000000409956555813550949096680e-04
7589,4.41999999566178303211927413940430e-04
7590,4.46000000010826624929904937744141e-04
7591,4.47999999778403434902429580688477e-04
7592,3.94000000596861355006694793701172e-04
7593,3.83999999939987901598215103149414e-04
7594,3.98000000132014974951744079589844e-04
7595,3.90000000152213033288717269897461e-04
7596,3.88000000384636223316192626953125e-04
7597,3.87999999475141521543264389038086e-04
7598,4.00999999328632839024066925048828e-04
7599,4.39999999798601493239402770996094e-04
7600,4.39000000369560439139604568481445e-04
7601,4.44999999672290869057178497314453e-04
7602,4.09000000217929482460021972656250e-04
7603,3.87999999475141521543264389038086e-04
7604,3.93000000258325599133968353271484e-04
7605,3.94000000596861355006694793701172e-04
7606,3.87000000046100467443466186523438e-04
7607,3.89000000723171979188919067382812e-04
7608,3.91999999919789843261241912841797e-04
7609,4.39999999798601493239402770996094e-04
7610,4.45000000581785570830106735229492e-04
7611,4.35999999353953171521425247192383e-04
7612,4.31999999818799551576375961303711e-04
7613,3.96999999793479219079017639160156e-04
7614,3.88999999813677277415990829467773e-04
7615,3.83999999939987901598215103149414e-04
7616,3.90000000152213033288717269897461e-04
7617,3.83000000510946847498416900634766e-04
7618,3.91000000490748789161443710327148e-04
7619,4.20999999732885044068098068237305e-04
7620,4.50000000455474946647882461547852e-04
7621,4.38999999460065737366676330566406e-04
7622,4.36999999692488927394151687622070e-04
7623,4.05000000682775862514972686767578e-04
7624,3.98000000132014974951744079589844e-04
7625,3.90999999581254087388515472412109e-04
7626,3.90000000152213033288717269897461e-04
7627,3.95000000025902409106492996215820e-04
7628,3.91999999919789843261241912841797e-04
7629,3.95999999454943463206291198730469e-04
7630,4.44999999672290869057178497314453e-04
7631,4.42999999904714059084653854370117e-04
7632,4.42999999904714059084653854370117e-04
7633,4.06999999540857970714569091796875e-04
7634,3.91000000490748789161443710327148e-04
7635,3.95000000025902409106492996215820e-04
7636,3.92999999348830897361040115356445e-04
7637,3.85000000278523657470941543579102e-04
7638,3.90000000152213033288717269897461e-04
7639,3.91999999919789843261241912841797e-04
7640,4.34000000495871063321828842163086e-04
7641,4.44000000243249814957380294799805e-04
7642,4.50000000455474946647882461547852e-04
7643,4.31999999818799551576375961303711e-04
7644,3.91000000490748789161443710327148e-04
7645,3.93999999687366653233766555786133e-04
7646,3.93999999687366653233766555786133e-04
7647,3.94000000596861355006694793701172e-04
7648,3.93999999687366653233766555786133e-04
7649,3.92999999348830897361040115356445e-04
7650,4.10999999985506292432546615600586e-04
7651,4.45000000581785570830106735229492e-04
7652,4.41000000137137249112129211425781e-04
7653,4.41000000137137249112129211425781e-04
7654,3.95000000025902409106492996215820e-04
7655,3.93000000258325599133968353271484e-04
7656,3.97999999222520273178815841674805e-04
7657,3.99000000470550730824470520019531e-04
7658,3.90999999581254087388515472412109e-04
7659,3.90000000152213033288717269897461e-04
7660,4.01999999667168594896793365478516e-04
7661,4.46000000010826624929904937744141e-04
7662,4.47000000349362380802631378173828e-04
7663,4.46000000010826624929904937744141e-04
7664,4.09000000217929482460021972656250e-04
7665,3.90000000152213033288717269897461e-04
7666,3.88000000384636223316192626953125e-04
7667,3.95999999454943463206291198730469e-04
7668,3.99999999899591784924268722534180e-04
7669,3.92999999348830897361040115356445e-04
7670,3.95000000025902409106492996215820e-04
7671,4.44000000243249814957380294799805e-04
7672,4.46000000010826624929904937744141e-04
7673,4.44000000243249814957380294799805e-04
7674,4.28000000283645931631326675415039e-04
7675,4.00000000809086486697196960449219e-04
7676,3.98000000132014974951744079589844e-04
7677,3.90000000152213033288717269897461e-04
7678,3.88999999813677277415990829467773e-04
7679,3.97000000702973920851945877075195e-04
7680,3.88999999813677277415990829467773e-04
7681,4.26000000516069121658802032470703e-04
7682,4.44000000243249814957380294799805e-04
7683,4.44999999672290869057178497314453e-04
7684,4.41999999566178303211927413940430e-04
7685,4.01999999667168594896793365478516e-04
7686,3.94000000596861355006694793701172e-04
7687,3.89999999242718331515789031982422e-04
7688,3.95999999454943463206291198730469e-04
7689,3.91999999919789843261241912841797e-04
7690,3.96000000364438164979219436645508e-04
7691,4.09999999646970536559820175170898e-04
7692,4.49000000116939190775156021118164e-04
7693,4.47999999778403434902429580688477e-04
7694,4.57999999525782186537981033325195e-04
7695,4.03000000005704350769519805908203e-04
7696,3.98000000132014974951744079589844e-04
7697,3.99000000470550730824470520019531e-04
7698,4.02000000576663296669721603393555e-04
7699,3.90999999581254087388515472412109e-04
7700,3.91999999919789843261241912841797e-04
7701,3.90999999581254087388515472412109e-04
7702,4.44999999672290869057178497314453e-04
7703,4.52999999652092810720205307006836e-04
7704,4.47999999778403434902429580688477e-04
7705,4.24999999268038664013147354125977e-04
7706,4.06000000111816916614770889282227e-04
7707,3.92000000829284545034170150756836e-04
7708,3.94000000596861355006694793701172e-04
7709,3.97000000702973920851945877075195e-04
7710,3.87000000046100467443466186523438e-04
7711,3.93000000258325599133968353271484e-04
7712,4.50999999884516000747680664062500e-04
7713,4.55999999758205376565456390380859e-04
7714,4.52999999652092810720205307006836e-04
7715,4.33999999586376361548900604248047e-04
7716,3.98000000132014974951744079589844e-04
7717,3.96999999793479219079017639160156e-04
7718,3.98000000132014974951744079589844e-04
7719,3.97999999222520273178815841674805e-04
7720,4.03000000005704350769519805908203e-04
7721,4.01000000238127540796995162963867e-04
7722,4.38000000031024683266878128051758e-04
7723,4.45000000581785570830106735229492e-04
7724,4.48000000687898136675357818603516e-04
7725,4.46000000010826624929904937744141e-04
7726,4.05000000682775862514972686767578e-04
7727,3.93000000258325599133968353271484e-04
7728,3.95999999454943463206291198730469e-04
7729,3.98999999561056029051542282104492e-04
7730,3.98000000132014974951744079589844e-04
7731,4.01000000238127540796995162963867e-04
7732,4.23999999838997609913349151611328e-04
7733,4.42999999904714059084653854370117e-04
7734,4.46999999439867679029703140258789e-04
7735,4.53000000561587512493133544921875e-04
7736,4.06999999540857970714569091796875e-04
7737,3.92999999348830897361040115356445e-04
7738,3.95000000025902409106492996215820e-04
7739,3.98999999561056029051542282104492e-04
7740,3.93000000258325599133968353271484e-04
7741,3.98000000132014974951744079589844e-04
7742,4.01000000238127540796995162963867e-04
7743,4.58999999864317942410707473754883e-04
7744,4.52999999652092810720205307006836e-04
7745,4.53999999990628566592931747436523e-04
7746,4.10999999985506292432546615600586e-04
7747,3.98000000132014974951744079589844e-04
7748,3.92999999348830897361040115356445e-04
7749,3.98999999561056029051542282104492e-04
7750,3.96000000364438164979219436645508e-04
7751,3.99999999899591784924268722534180e-04
7752,3.95000000025902409106492996215820e-04
7753,4.46000000010826624929904937744141e-04
7754,4.52999999652092810720205307006836e-04
7755,4.48999999207444489002227783203125e-04
7756,4.28999999712686985731124877929688e-04
7757,4.00000000809086486697196960449219e-04
7758,4.03000000005704350769519805908203e-04
7759,3.98000000132014974951744079589844e-04
7760,3.95999999454943463206291198730469e-04
7761,3.95000000025902409106492996215820e-04
7762,3.96999999793479219079017639160156e-04
7763,4.46000000010826624929904937744141e-04
7764,4.44999999672290869057178497314453e-04
7765,4.50999999884516000747680664062500e-04
7766,4.43000000814208760857582092285156e-04
7767,4.03999999434745404869318008422852e-04
7768,3.96999999793479219079017639160156e-04
7769,4.00999999328632839024066925048828e-04
7770,4.01999999667168594896793365478516e-04
7771,3.95999999454943463206291198730469e-04
7772,3.93999999687366653233766555786133e-04
7773,4.38000000031024683266878128051758e-04
7774,4.49000000116939190775156021118164e-04
7775,4.52000000223051756620407104492188e-04
7776,4.47999999778403434902429580688477e-04
7777,4.03000000005704350769519805908203e-04
7778,3.95999999454943463206291198730469e-04
7779,3.99000000470550730824470520019531e-04
7780,4.01000000238127540796995162963867e-04
7781,3.96000000364438164979219436645508e-04
7782,4.01999999667168594896793365478516e-04
7783,4.14000000091618858277797698974609e-04
7784,4.55000000329164322465658187866211e-04
7785,4.58999999864317942410707473754883e-04
7786,4.62999999399471562355756759643555e-04
7787,4.06000000111816916614770889282227e-04
7788,3.95000000025902409106492996215820e-04
7789,4.04999999773281160742044448852539e-04
7790,4.02000000576663296669721603393555e-04
7791,3.99999999899591784924268722534180e-04
7792,3.99999999899591784924268722534180e-04
7793,4.18000000536267179995775222778320e-04
7794,4.53999999990628566592931747436523e-04
7795,4.50000000455474946647882461547852e-04
7796,4.49999999545980244874954223632812e-04
7797,4.12999999753083102405071258544922e-04
7798,4.07000000450352672487497329711914e-04
7799,4.04000000344240106642246246337891e-04
7800,4.06000000111816916614770889282227e-04
7801,4.04999999773281160742044448852539e-04
7802,3.95000000025902409106492996215820e-04
7803,4.06999999540857970714569091796875e-04
7804,4.51999999313557054847478866577148e-04
7805,4.55000000329164322465658187866211e-04
7806,4.57000000096741132438182830810547e-04
7807,4.17999999626772478222846984863281e-04
7808,4.04999999773281160742044448852539e-04
7809,4.06000000111816916614770889282227e-04
7810,3.97000000702973920851945877075195e-04
7811,3.93999999687366653233766555786133e-04
7812,3.98000000132014974951744079589844e-04
7813,3.97000000702973920851945877075195e-04
7814,4.52999999652092810720205307006836e-04
7815,4.52000000223051756620407104492188e-04
7816,4.50999999884516000747680664062500e-04
7817,4.23999999838997609913349151611328e-04
7818,3.95999999454943463206291198730469e-04
7819,3.96000000364438164979219436645508e-04
7820,3.98000000132014974951744079589844e-04
7821,3.93999999687366653233766555786133e-04
7822,3.93000000258325599133968353271484e-04
7823,3.99999999899591784924268722534180e-04
7824,4.49999999545980244874954223632812e-04
7825,4.57000000096741132438182830810547e-04
7826,4.52999999652092810720205307006836e-04
7827,4.32999999247840605676174163818359e-04
7828,4.03000000005704350769519805908203e-04
7829,4.03000000005704350769519805908203e-04
7830,4.01000000238127540796995162963867e-04
7831,4.05000000682775862514972686767578e-04
7832,4.03000000005704350769519805908203e-04
7833,4.01999999667168594896793365478516e-04
7834,4.38000000031024683266878128051758e-04
7835,4.52999999652092810720205307006836e-04
7836,4.52000000223051756620407104492188e-04
7837,4.44000000243249814957380294799805e-04
7838,4.06000000111816916614770889282227e-04
7839,3.98000000132014974951744079589844e-04
7840,4.03000000005704350769519805908203e-04
7841,3.96999999793479219079017639160156e-04
7842,3.98000000132014974951744079589844e-04
7843,4.01000000238127540796995162963867e-04
7844,4.36000000263447873294353485107422e-04
7845,4.55000000329164322465658187866211e-04
7846,4.55999999758205376565456390380859e-04
7847,4.50999999884516000747680664062500e-04
7848,4.10999999985506292432546615600586e-04
7849,4.07000000450352672487497329711914e-04
7850,4.04000000344240106642246246337891e-04
7851,4.04000000344240106642246246337891e-04
7852,4.07999999879393726587295532226562e-04
7853,3.96000000364438164979219436645508e-04
7854,4.32000000728294253349304199218750e-04
7855,4.58000000435276888310909271240234e-04
7856,4.60999999631894752383232116699219e-04
7857,4.50999999884516000747680664062500e-04
7858,4.06999999540857970714569091796875e-04
7859,4.01000000238127540796995162963867e-04
7860,4.07999999879393726587295532226562e-04
7861,3.99999999899591784924268722534180e-04
7862,4.00000000809086486697196960449219e-04
7863,4.04999999773281160742044448852539e-04
7864,4.34999999924912117421627044677734e-04
7865,4.53999999990628566592931747436523e-04
7866,4.56000000667700078338384628295898e-04
7867,4.51999999313557054847478866577148e-04
7868,4.12000000324042048305273056030273e-04
7869,3.99999999899591784924268722534180e-04
7870,4.04000000344240106642246246337891e-04
7871,4.05000000682775862514972686767578e-04
7872,4.10999999985506292432546615600586e-04
7873,4.03000000005704350769519805908203e-04
7874,4.27999999374151229858398437500000e-04
7875,4.57000000096741132438182830810547e-04
7876,4.58999999864317942410707473754883e-04
7877,4.57000000096741132438182830810547e-04
7878,4.06999999540857970714569091796875e-04
7879,3.98000000132014974951744079589844e-04
7880,3.99999999899591784924268722534180e-04
7881,4.03999999434745404869318008422852e-04
7882,3.99999999899591784924268722534180e-04
7883,4.04999999773281160742044448852539e-04
7884,4.20999999732885044068098068237305e-04
7885,4.53999999990628566592931747436523e-04
7886,4.58000000435276888310909271240234e-04
7887,4.60000000202853698283433914184570e-04
7888,4.16999999288236722350120544433594e-04
7889,4.09000000217929482460021972656250e-04
7890,4.03000000005704350769519805908203e-04
7891,4.03999999434745404869318008422852e-04
7892,4.08000000788888428360223770141602e-04
7893,4.01999999667168594896793365478516e-04
7894,4.25999999606574419885873794555664e-04
7895,4.58999999864317942410707473754883e-04
7896,4.60999999631894752383232116699219e-04
7897,4.62999999399471562355756759643555e-04
7898,4.13000000662577804177999496459961e-04
7899,4.10000000556465238332748413085938e-04
7900,4.14999999520659912377595901489258e-04
7901,4.14000000091618858277797698974609e-04
7902,4.05000000682775862514972686767578e-04
7903,4.01000000238127540796995162963867e-04
7904,4.26999999945110175758600234985352e-04
7905,4.58999999864317942410707473754883e-04
7906,4.60000000202853698283433914184570e-04
7907,4.57000000096741132438182830810547e-04
7908,4.15999999859195668250322341918945e-04
7909,4.14000000091618858277797698974609e-04
7910,4.03999999434745404869318008422852e-04
7911,4.09000000217929482460021972656250e-04
7912,4.07999999879393726587295532226562e-04
7913,4.10000000556465238332748413085938e-04
7914,4.25999999606574419885873794555664e-04
7915,4.57000000096741132438182830810547e-04
7916,4.62999999399471562355756759643555e-04
7917,4.54999999419669620692729949951172e-04
7918,4.14999999520659912377595901489258e-04
7919,4.07999999879393726587295532226562e-04
7920,4.05999999202322214841842651367188e-04
7921,4.07000000450352672487497329711914e-04
7922,4.03000000005704350769519805908203e-04
7923,4.01999999667168594896793365478516e-04
7924,4.30999999480263795703649520874023e-04
7925,4.58999999864317942410707473754883e-04
7926,4.57000000096741132438182830810547e-04
7927,4.59000000773812644183635711669922e-04
7928,4.14000000091618858277797698974609e-04
7929,4.04999999773281160742044448852539e-04
7930,4.09000000217929482460021972656250e-04
7931,4.09999999646970536559820175170898e-04
7932,4.04999999773281160742044448852539e-04
7933,4.07999999879393726587295532226562e-04
7934,4.39999999798601493239402770996094e-04
7935,4.58999999864317942410707473754883e-04
7936,4.57000000096741132438182830810547e-04
7937,4.53000000561587512493133544921875e-04
7938,4.17000000197731424123048782348633e-04
7939,4.09000000217929482460021972656250e-04
7940,4.07000000450352672487497329711914e-04
7941,4.03000000005704350769519805908203e-04
7942,4.12000000324042048305273056030273e-04
7943,4.09999999646970536559820175170898e-04
7944,4.46000000010826624929904937744141e-04
7945,4.66000000415078829973936080932617e-04
7946,4.65000000076543074101209640502930e-04
7947,4.46999999439867679029703140258789e-04
7948,4.09999999646970536559820175170898e-04
7949,4.07999999879393726587295532226562e-04
7950,4.13000000662577804177999496459961e-04
7951,4.09000000217929482460021972656250e-04
7952,4.07000000450352672487497329711914e-04
7953,4.14000000091618858277797698974609e-04
7954,4.53000000561587512493133544921875e-04
7955,4.54999999419669620692729949951172e-04
7956,4.61000000541389454156160354614258e-04
7957,4.50000000455474946647882461547852e-04
7958,4.15000000430154614150524139404297e-04
7959,4.09999999646970536559820175170898e-04
7960,4.08999999308434780687093734741211e-04
7961,4.10000000556465238332748413085938e-04
7962,4.04000000344240106642246246337891e-04
7963,4.03999999434745404869318008422852e-04
7964,4.50999999884516000747680664062500e-04
7965,4.60999999631894752383232116699219e-04
7966,4.69000000521191395819187164306641e-04
7967,4.42999999904714059084653854370117e-04
7968,4.06000000111816916614770889282227e-04
7969,4.10999999985506292432546615600586e-04
7970,4.06000000111816916614770889282227e-04
7971,4.07999999879393726587295532226562e-04
7972,4.06000000111816916614770889282227e-04
7973,4.09999999646970536559820175170898e-04
7974,4.53999999990628566592931747436523e-04
7975,4.65000000076543074101209640502930e-04
7976,4.60999999631894752383232116699219e-04
7977,4.46000000010826624929904937744141e-04
7978,4.14000000091618858277797698974609e-04
7979,4.14000000091618858277797698974609e-04
7980,4.03000000005704350769519805908203e-04
7981,4.09999999646970536559820175170898e-04
7982,4.10999999985506292432546615600586e-04
7983,4.12999999753083102405071258544922e-04
7984,4.57000000096741132438182830810547e-04
7985,4.65000000076543074101209640502930e-04
7986,4.68000000182655639946460723876953e-04
7987,4.31000000389758497476577758789062e-04
7988,4.15999999859195668250322341918945e-04
7989,4.12999999753083102405071258544922e-04
7990,4.10000000556465238332748413085938e-04
7991,4.12000000324042048305273056030273e-04
7992,4.15999999859195668250322341918945e-04
7993,4.11999999414547346532344818115234e-04
7994,4.69000000521191395819187164306641e-04
7995,4.69999999950232449918985366821289e-04
7996,4.69999999950232449918985366821289e-04
7997,4.17999999626772478222846984863281e-04
7998,4.10999999985506292432546615600586e-04
7999,4.04000000344240106642246246337891e-04
8000,4.09999999646970536559820175170898e-04
8001,4.09999999646970536559820175170898e-04
8002,4.09000000217929482460021972656250e-04
8003,4.15999999859195668250322341918945e-04
8004,4.65000000076543074101209640502930e-04
8005,4.71999999717809259891510009765625e-04
8006,4.63000000308966264128684997558594e-04
8007,4.18999999965308234095573425292969e-04
8008,4.16999999288236722350120544433594e-04
8009,4.13999999182124156504869461059570e-04
8010,4.04999999773281160742044448852539e-04
8011,4.09000000217929482460021972656250e-04
8012,4.16999999288236722350120544433594e-04
8013,4.27999999374151229858398437500000e-04
8014,4.59999999293358996510505676269531e-04
8015,4.63999999738007318228483200073242e-04
8016,4.66000000415078829973936080932617e-04
8017,4.21000000642379745841026306152344e-04
8018,4.14000000091618858277797698974609e-04
8019,4.09999999646970536559820175170898e-04
8020,4.17999999626772478222846984863281e-04
8021,4.09999999646970536559820175170898e-04
8022,4.12000000324042048305273056030273e-04
8023,4.28999999712686985731124877929688e-04
8024,4.60999999631894752383232116699219e-04
8025,4.70999999379273504018783569335938e-04
8026,4.67000000753614585846662521362305e-04
8027,4.15999999859195668250322341918945e-04
8028,4.12000000324042048305273056030273e-04
8029,4.12000000324042048305273056030273e-04
8030,4.10999999985506292432546615600586e-04
8031,4.17999999626772478222846984863281e-04
8032,4.10999999985506292432546615600586e-04
8033,4.44000000243249814957380294799805e-04
8034,4.65000000076543074101209640502930e-04
8035,4.61999999970430508255958557128906e-04
8036,4.59999999293358996510505676269531e-04
8037,4.07999999879393726587295532226562e-04
8038,4.15999999859195668250322341918945e-04
8039,4.04000000344240106642246246337891e-04
8040,4.12000000324042048305273056030273e-04
8041,4.17999999626772478222846984863281e-04
8042,4.12000000324042048305273056030273e-04
8043,4.65000000076543074101209640502930e-04
8044,4.68000000182655639946460723876953e-04
8045,4.63000000308966264128684997558594e-04
8046,4.49999999545980244874954223632812e-04
8047,4.20999999732885044068098068237305e-04
8048,4.07000000450352672487497329711914e-04
8049,4.06000000111816916614770889282227e-04
8050,4.07999999879393726587295532226562e-04
8051,4.09000000217929482460021972656250e-04
8052,4.12000000324042048305273056030273e-04
8053,4.61999999970430508255958557128906e-04
8054,4.66000000415078829973936080932617e-04
8055,4.73000000056345015764236450195312e-04
8056,4.38999999460065737366676330566406e-04
8057,4.19999999394349288195371627807617e-04
8058,4.09000000217929482460021972656250e-04
8059,4.17000000197731424123048782348633e-04
8060,4.18999999965308234095573425292969e-04
8061,4.17000000197731424123048782348633e-04
8062,4.11999999414547346532344818115234e-04
8063,4.66000000415078829973936080932617e-04
8064,4.74000000394880771636962890625000e-04
8065,4.71000000288768205791711807250977e-04
8066,4.30000000051222741603851318359375e-04
8067,4.15999999859195668250322341918945e-04
8068,4.10999999985506292432546615600586e-04
8069,4.15000000430154614150524139404297e-04
8070,4.03999999434745404869318008422852e-04
8071,4.12999999753083102405071258544922e-04
8072,4.23000000409956555813550949096680e-04
8073,4.69000000521191395819187164306641e-04
8074,4.73999999485386069864034652709961e-04
8075,4.64000000647502020001411437988281e-04
8076,4.26000000516069121658802032470703e-04
8077,4.15000000430154614150524139404297e-04
8078,4.15000000430154614150524139404297e-04
8079,4.15000000430154614150524139404297e-04
8080,4.10000000556465238332748413085938e-04
8081,4.14000000091618858277797698974609e-04
8082,4.39999999798601493239402770996094e-04
8083,4.69000000521191395819187164306641e-04
8084,4.68999999611696694046258926391602e-04
8085,4.64000000647502020001411437988281e-04
8086,4.23999999838997609913349151611328e-04
8087,4.23999999838997609913349151611328e-04
8088,4.12000000324042048305273056030273e-04
8089,4.25000000177533365786075592041016e-04
8090,4.18999999965308234095573425292969e-04
8091,4.18000000536267179995775222778320e-04
8092,4.50000000455474946647882461547852e-04
8093,4.68999999611696694046258926391602e-04
8094,4.70999999379273504018783569335938e-04
8095,4.53999999990628566592931747436523e-04
8096,4.21000000642379745841026306152344e-04
8097,4.10000000556465238332748413085938e-04
8098,4.18999999965308234095573425292969e-04
8099,4.14999999520659912377595901489258e-04
8100,4.15999999859195668250322341918945e-04
8101,4.14000000091618858277797698974609e-04
8102,4.73000000056345015764236450195312e-04
8103,4.68999999611696694046258926391602e-04
8104,4.74999999823921825736761093139648e-04
8105,4.33999999586376361548900604248047e-04
8106,4.14000000091618858277797698974609e-04
8107,4.20999999732885044068098068237305e-04
8108,4.10999999985506292432546615600586e-04
8109,4.16999999288236722350120544433594e-04
8110,4.09000000217929482460021972656250e-04
8111,4.17000000197731424123048782348633e-04
8112,4.76000000162457581609487533569336e-04
8113,4.71999999717809259891510009765625e-04
8114,4.66000000415078829973936080932617e-04
8115,4.26999999945110175758600234985352e-04
8116,4.16999999288236722350120544433594e-04
8117,4.16999999288236722350120544433594e-04
8118,4.18999999965308234095573425292969e-04
8119,4.14000000091618858277797698974609e-04
8120,4.22000000071420799940824508666992e-04
8121,4.39999999798601493239402770996094e-04
8122,4.71000000288768205791711807250977e-04
8123,4.72000000627303961664438247680664e-04
8124,4.65000000076543074101209640502930e-04
8125,4.23999999838997609913349151611328e-04
8126,4.15999999859195668250322341918945e-04
8127,4.14000000091618858277797698974609e-04
8128,4.17000000197731424123048782348633e-04
8129,4.15999999859195668250322341918945e-04
8130,4.17999999626772478222846984863281e-04
8131,4.63000000308966264128684997558594e-04
8132,4.73999999485386069864034652709961e-04
8133,4.71000000288768205791711807250977e-04
8134,4.60000000202853698283433914184570e-04
8135,4.28000000283645931631326675415039e-04
8136,4.20999999732885044068098068237305e-04
8137,4.15999999859195668250322341918945e-04
8138,4.22000000071420799940824508666992e-04
8139,4.22999999500461854040622711181641e-04
8140,4.19999999394349288195371627807617e-04
8141,4.71000000288768205791711807250977e-04
8142,4.73000000056345015764236450195312e-04
8143,4.74999999823921825736761093139648e-04
8144,4.35999999353953171521425247192383e-04
8145,4.17999999626772478222846984863281e-04
8146,4.22000000071420799940824508666992e-04
8147,4.17999999626772478222846984863281e-04
8148,4.22999999500461854040622711181641e-04
8149,4.18999999965308234095573425292969e-04
8150,4.31999999818799551576375961303711e-04
8151,4.79999999697611201554536819458008e-04
8152,4.76999999591498635709285736083984e-04
8153,4.75000000733416527509689331054688e-04
8154,4.30999999480263795703649520874023e-04
8155,4.24999999268038664013147354125977e-04
8156,4.15999999859195668250322341918945e-04
8157,4.21999999161926098167896270751953e-04
8158,4.20999999732885044068098068237305e-04
8159,4.20999999732885044068098068237305e-04
8160,4.63000000308966264128684997558594e-04
8161,4.74999999823921825736761093139648e-04
8162,4.78999999359075445681810379028320e-04
8163,4.58000000435276888310909271240234e-04
8164,4.25000000177533365786075592041016e-04
8165,4.20999999732885044068098068237305e-04
8166,4.22000000071420799940824508666992e-04
8167,4.12000000324042048305273056030273e-04
8168,4.18999999965308234095573425292969e-04
8169,4.20000000303843989968299865722656e-04
8170,4.74999999823921825736761093139648e-04
8171,4.77999999930034391582012176513672e-04
8172,4.76000000162457581609487533569336e-04
8173,4.34999999924912117421627044677734e-04
8174,4.25999999606574419885873794555664e-04
8175,4.22000000071420799940824508666992e-04
8176,4.14999999520659912377595901489258e-04
8177,4.17000000197731424123048782348633e-04
8178,4.20000000303843989968299865722656e-04
8179,4.39999999798601493239402770996094e-04
8180,4.76000000162457581609487533569336e-04
8181,4.79999999697611201554536819458008e-04
8182,4.73000000056345015764236450195312e-04
8183,4.30000000051222741603851318359375e-04
8184,4.18999999965308234095573425292969e-04
8185,4.12000000324042048305273056030273e-04
8186,4.18000000536267179995775222778320e-04
8187,4.14000000091618858277797698974609e-04
8188,4.23999999838997609913349151611328e-04
8189,4.65000000076543074101209640502930e-04
8190,4.77999999930034391582012176513672e-04
8191,4.69999999950232449918985366821289e-04
8192,4.55000000329164322465658187866211e-04
8193,4.23000000409956555813550949096680e-04
8194,4.22999999500461854040622711181641e-04
8195,4.22000000071420799940824508666992e-04
8196,4.14000000091618858277797698974609e-04
8197,4.20000000303843989968299865722656e-04
8198,4.15999999859195668250322341918945e-04
8199,4.83000000713218469172716140747070e-04
8200,4.70999999379273504018783569335938e-04
8201,4.69000000521191395819187164306641e-04
8202,4.31999999818799551576375961303711e-04
8203,4.24000000748492311686277389526367e-04
8204,4.20000000303843989968299865722656e-04
8205,4.17000000197731424123048782348633e-04
8206,4.17999999626772478222846984863281e-04
8207,4.22000000071420799940824508666992e-04
8208,4.42999999904714059084653854370117e-04
8209,4.76000000162457581609487533569336e-04
8210,4.76000000162457581609487533569336e-04
8211,4.79000000268570147454738616943359e-04
8212,4.37000000601983629167079925537109e-04
8213,4.18999999965308234095573425292969e-04
8214,4.20000000303843989968299865722656e-04
8215,4.22000000071420799940824508666992e-04
8216,4.20000000303843989968299865722656e-04
8217,4.17000000197731424123048782348633e-04
8218,4.69999999950232449918985366821289e-04
8219,4.76999999591498635709285736083984e-04
8220,4.79999999697611201554536819458008e-04
8221,4.41999999566178303211927413940430e-04
8222,4.26999999945110175758600234985352e-04
8223,4.22999999500461854040622711181641e-04
8224,4.18999999965308234095573425292969e-04
8225,4.28000000283645931631326675415039e-04
8226,4.26000000516069121658802032470703e-04
8227,4.31999999818799551576375961303711e-04
8228,4.81000000036146957427263259887695e-04
8229,4.74999999823921825736761093139648e-04
8230,4.80000000607105903327465057373047e-04
8231,4.34999999924912117421627044677734e-04
8232,4.25000000177533365786075592041016e-04
8233,4.24999999268038664013147354125977e-04
8234,4.30000000051222741603851318359375e-04
8235,4.25000000177533365786075592041016e-04
8236,4.15999999859195668250322341918945e-04
8237,4.66000000415078829973936080932617e-04
8238,4.76000000162457581609487533569336e-04
8239,4.79000000268570147454738616943359e-04
8240,4.71999999717809259891510009765625e-04
8241,4.28999999712686985731124877929688e-04
8242,4.24000000748492311686277389526367e-04
8243,4.22999999500461854040622711181641e-04
8244,4.25999999606574419885873794555664e-04
8245,4.22000000071420799940824508666992e-04
8246,4.15999999859195668250322341918945e-04
8247,4.77999999930034391582012176513672e-04
8248,4.84000000142259523272514343261719e-04
8249,4.83000000713218469172716140747070e-04
8250,4.31999999818799551576375961303711e-04
8251,4.23000000409956555813550949096680e-04
8252,4.25000000177533365786075592041016e-04
8253,4.28999999712686985731124877929688e-04
8254,4.23000000409956555813550949096680e-04
8255,4.23999999838997609913349151611328e-04
8256,4.41000000137137249112129211425781e-04
8257,4.79999999697611201554536819458008e-04
8258,4.90000000354484654963016510009766e-04
8259,4.83000000713218469172716140747070e-04
8260,4.24999999268038664013147354125977e-04
8261,4.23999999838997609913349151611328e-04
8262,4.22000000071420799940824508666992e-04
8263,4.30000000051222741603851318359375e-04
8264,4.26000000516069121658802032470703e-04
8265,4.17000000197731424123048782348633e-04
8266,4.76000000162457581609487533569336e-04
8267,4.86999999338877387344837188720703e-04
8268,4.82999999803723767399787902832031e-04
8269,4.43999999333755113184452056884766e-04
8270,4.25000000177533365786075592041016e-04
8271,4.26999999945110175758600234985352e-04
8272,4.22000000071420799940824508666992e-04
8273,4.28999999712686985731124877929688e-04
8274,4.23000000409956555813550949096680e-04
8275,4.26999999945110175758600234985352e-04
8276,4.84000000142259523272514343261719e-04
8277,4.84000000142259523272514343261719e-04
8278,4.82999999803723767399787902832031e-04
8279,4.26000000516069121658802032470703e-04
8280,4.12999999753083102405071258544922e-04
8281,4.24999999268038664013147354125977e-04
8282,4.23999999838997609913349151611328e-04
8283,4.20999999732885044068098068237305e-04
8284,4.14000000091618858277797698974609e-04
8285,4.69999999950232449918985366821289e-04
8286,4.85999999909836333245038986206055e-04
8287,4.90000000354484654963016510009766e-04
8288,4.63000000308966264128684997558594e-04
8289,4.31999999818799551576375961303711e-04
8290,4.30000000051222741603851318359375e-04
8291,4.22999999500461854040622711181641e-04
8292,4.23999999838997609913349151611328e-04
8293,4.22000000071420799940824508666992e-04
8294,4.23000000409956555813550949096680e-04
8295,4.84000000142259523272514343261719e-04
8296,4.87000000248372089117765426635742e-04
8297,4.79000000268570147454738616943359e-04
8298,4.31999999818799551576375961303711e-04
8299,4.28999999712686985731124877929688e-04
8300,4.28000000283645931631326675415039e-04
8301,4.29000000622181687504053115844727e-04
8302,4.22000000071420799940824508666992e-04
8303,4.21000000642379745841026306152344e-04
8304,4.65000000076543074101209640502930e-04
8305,4.87999999677413143217563629150391e-04
8306,4.89000000015948899090290069580078e-04
8307,4.66000000415078829973936080932617e-04
8308,4.23000000409956555813550949096680e-04
8309,4.23999999838997609913349151611328e-04
8310,4.26999999945110175758600234985352e-04
8311,4.25999999606574419885873794555664e-04
8312,4.17000000197731424123048782348633e-04
8313,4.26999999945110175758600234985352e-04
8314,4.87000000248372089117765426635742e-04
8315,4.89000000015948899090290069580078e-04
8316,4.82999999803723767399787902832031e-04
8317,4.38000000031024683266878128051758e-04
8318,4.25999999606574419885873794555664e-04
8319,4.31999999818799551576375961303711e-04
8320,4.31000000389758497476577758789062e-04
8321,4.23999999838997609913349151611328e-04
8322,4.26000000516069121658802032470703e-04
8323,4.57000000096741132438182830810547e-04
8324,4.85999999909836333245038986206055e-04
8325,4.85000000480795279145240783691406e-04
8326,4.71999999717809259891510009765625e-04
8327,4.31000000389758497476577758789062e-04
8328,4.23999999838997609913349151611328e-04
8329,4.28000000283645931631326675415039e-04
8330,4.23999999838997609913349151611328e-04
8331,4.27999999374151229858398437500000e-04
8332,4.25999999606574419885873794555664e-04
8333,4.76000000162457581609487533569336e-04
8334,4.85000000480795279145240783691406e-04
8335,4.88000000586907844990491867065430e-04
8336,4.41000000137137249112129211425781e-04
8337,4.28999999712686985731124877929688e-04
8338,4.26000000516069121658802032470703e-04
8339,4.28000000283645931631326675415039e-04
8340,4.28999999712686985731124877929688e-04
8341,4.26000000516069121658802032470703e-04
8342,4.48999999207444489002227783203125e-04
8343,4.82000000374682713299989700317383e-04
8344,4.87000000248372089117765426635742e-04
8345,4.81000000036146957427263259887695e-04
8346,4.28000000283645931631326675415039e-04
8347,4.24999999268038664013147354125977e-04
8348,4.28999999712686985731124877929688e-04
8349,4.25999999606574419885873794555664e-04
8350,4.28000000283645931631326675415039e-04
8351,4.18999999965308234095573425292969e-04
8352,4.87000000248372089117765426635742e-04
8353,4.87999999677413143217563629150391e-04
8354,4.84999999571300577372312545776367e-04
8355,4.39000000369560439139604568481445e-04
8356,4.30999999480263795703649520874023e-04
8357,4.34999999924912117421627044677734e-04
8358,4.31999999818799551576375961303711e-04
8359,4.30999999480263795703649520874023e-04
8360,4.30000000051222741603851318359375e-04
8361,4.50000000455474946647882461547852e-04
8362,4.86999999338877387344837188720703e-04
8363,4.81000000036146957427263259887695e-04
8364,4.77000000500993337482213973999023e-04
8365,4.29000000622181687504053115844727e-04
8366,4.26000000516069121658802032470703e-04
8367,4.29000000622181687504053115844727e-04
8368,4.28999999712686985731124877929688e-04
8369,4.30000000051222741603851318359375e-04
8370,4.34000000495871063321828842163086e-04
8371,4.84999999571300577372312545776367e-04
8372,4.90999999783525709062814712524414e-04
8373,4.87999999677413143217563629150391e-04
8374,4.47999999778403434902429580688477e-04
8375,4.36000000263447873294353485107422e-04
8376,4.23999999838997609913349151611328e-04
8377,4.36000000263447873294353485107422e-04
8378,4.34000000495871063321828842163086e-04
8379,4.33000000157335307449102401733398e-04
8380,4.55999999758205376565456390380859e-04
8381,4.82999999803723767399787902832031e-04
8382,4.92000000122061464935541152954102e-04
8383,4.74000000394880771636962890625000e-04
8384,4.39000000369560439139604568481445e-04
8385,4.26999999945110175758600234985352e-04
8386,4.26999999945110175758600234985352e-04
8387,4.28000000283645931631326675415039e-04
8388,4.31000000389758497476577758789062e-04
8389,4.25000000177533365786075592041016e-04
8390,4.81000000036146957427263259887695e-04
8391,4.87000000248372089117765426635742e-04
8392,4.92000000122061464935541152954102e-04
8393,4.47000000349362380802631378173828e-04
8394,4.33000000157335307449102401733398e-04
8395,4.33000000157335307449102401733398e-04
8396,4.32999999247840605676174163818359e-04
8397,4.33000000157335307449102401733398e-04
8398,4.28000000283645931631326675415039e-04
8399,4.61999999970430508255958557128906e-04
8400,4.87999999677413143217563629150391e-04
8401,4.87999999677413143217563629150391e-04
8402,4.72999999146850313991308212280273e-04
8403,4.33000000157335307449102401733398e-04
8404,4.33999999586376361548900604248047e-04
8405,4.25999999606574419885873794555664e-04
8406,4.34999999924912117421627044677734e-04
8407,4.36000000263447873294353485107422e-04
8408,4.39999999798601493239402770996094e-04
8409,4.94000000799132976680994033813477e-04
8410,4.87999999677413143217563629150391e-04
8411,4.83999999232764821499586105346680e-04
8412,4.46000000010826624929904937744141e-04
8413,4.40000000708096195012331008911133e-04
8414,4.34999999924912117421627044677734e-04
8415,4.31000000389758497476577758789062e-04
8416,4.33999999586376361548900604248047e-04
8417,4.36000000263447873294353485107422e-04
8418,4.88000000586907844990491867065430e-04
8419,4.85999999909836333245038986206055e-04
8420,4.85999999909836333245038986206055e-04
8421,4.53999999990628566592931747436523e-04
8422,4.37000000601983629167079925537109e-04
8423,4.36000000263447873294353485107422e-04
8424,4.25999999606574419885873794555664e-04
8425,4.31999999818799551576375961303711e-04
8426,4.27999999374151229858398437500000e-04
8427,4.64999999167048372328281402587891e-04
8428,4.91000000693020410835742950439453e-04
8429,4.87999999677413143217563629150391e-04
8430,4.79000000268570147454738616943359e-04
8431,4.34000000495871063321828842163086e-04
8432,4.35999999353953171521425247192383e-04
8433,4.36000000263447873294353485107422e-04
8434,4.36999999692488927394151687622070e-04
8435,4.33999999586376361548900604248047e-04
8436,4.34000000495871063321828842163086e-04
8437,4.95000000228174030780792236328125e-04
8438,4.92000000122061464935541152954102e-04
8439,4.93000000460597220808267593383789e-04
8440,4.39999999798601493239402770996094e-04
8441,4.32999999247840605676174163818359e-04
8442,4.34999999924912117421627044677734e-04
8443,4.32999999247840605676174163818359e-04
8444,4.34999999924912117421627044677734e-04
8445,4.30999999480263795703649520874023e-04
8446,4.71999999717809259891510009765625e-04
8447,4.97999999424791894853115081787109e-04
8448,5.01000000440399162471294403076172e-04
8449,4.63000000308966264128684997558594e-04
8450,4.37999999121529981493949890136719e-04
8451,4.31999999818799551576375961303711e-04
8452,4.34000000495871063321828842163086e-04
8453,4.30000000051222741603851318359375e-04
8454,4.42999999904714059084653854370117e-04
8455,4.42999999904714059084653854370117e-04
8456,4.92000000122061464935541152954102e-04
8457,4.98000000334286596626043319702148e-04
8458,4.93999999889638274908065795898438e-04
8459,4.46000000010826624929904937744141e-04
8460,4.30000000051222741603851318359375e-04
8461,4.33999999586376361548900604248047e-04
8462,4.28000000283645931631326675415039e-04
8463,4.28000000283645931631326675415039e-04
8464,4.38000000031024683266878128051758e-04
8465,4.84999999571300577372312545776367e-04
8466,4.90000000354484654963016510009766e-04
8467,4.87000000248372089117765426635742e-04
8468,4.49000000116939190775156021118164e-04
8469,4.44999999672290869057178497314453e-04
8470,4.39999999798601493239402770996094e-04
8471,4.28999999712686985731124877929688e-04
8472,4.33999999586376361548900604248047e-04
8473,4.36999999692488927394151687622070e-04
8474,4.65999999505584128201007843017578e-04
8475,4.93999999889638274908065795898438e-04
8476,4.90000000354484654963016510009766e-04
8477,4.77000000500993337482213973999023e-04
8478,4.39000000369560439139604568481445e-04
8479,4.34999999924912117421627044677734e-04
8480,4.33000000157335307449102401733398e-04
8481,4.29000000622181687504053115844727e-04
8482,4.34999999924912117421627044677734e-04
8483,4.38999999460065737366676330566406e-04
8484,4.98999999763327650725841522216797e-04
8485,4.93999999889638274908065795898438e-04
8486,4.95000000228174030780792236328125e-04
8487,4.38000000031024683266878128051758e-04
8488,4.31000000389758497476577758789062e-04
8489,4.34999999924912117421627044677734e-04
8490,4.36000000263447873294353485107422e-04
8491,4.31999999818799551576375961303711e-04
8492,4.34999999924912117421627044677734e-04
8493,4.91000000693020410835742950439453e-04
8494,4.95999999657215084880590438842773e-04
8495,4.96999999995750840753316879272461e-04
8496,4.48999999207444489002227783203125e-04
8497,4.41999999566178303211927413940430e-04
8498,4.36000000263447873294353485107422e-04
8499,4.37000000601983629167079925537109e-04
8500,4.36999999692488927394151687622070e-04
8501,4.35999999353953171521425247192383e-04
8502,4.65000000076543074101209640502930e-04
8503,4.89000000015948899090290069580078e-04
8504,4.92000000122061464935541152954102e-04
8505,4.81000000036146957427263259887695e-04
8506,4.42999999904714059084653854370117e-04
8507,4.35000000834406819194555282592773e-04
8508,4.28999999712686985731124877929688e-04
8509,4.38000000031024683266878128051758e-04
8510,4.38000000031024683266878128051758e-04
8511,4.45000000581785570830106735229492e-04
8512,4.92999999551102519035339355468750e-04
8513,4.94000000799132976680994033813477e-04
8514,4.84999999571300577372312545776367e-04
8515,4.46999999439867679029703140258789e-04
8516,4.36999999692488927394151687622070e-04
8517,4.34999999924912117421627044677734e-04
8518,4.38000000031024683266878128051758e-04
8519,4.36000000263447873294353485107422e-04
8520,4.38000000031024683266878128051758e-04
8521,4.93999999889638274908065795898438e-04
8522,4.95999999657215084880590438842773e-04
8523,4.93000000460597220808267593383789e-04
8524,4.47999999778403434902429580688477e-04
8525,4.44000000243249814957380294799805e-04
8526,4.38000000031024683266878128051758e-04
8527,4.39999999798601493239402770996094e-04
8528,4.38000000031024683266878128051758e-04
8529,4.39999999798601493239402770996094e-04
8530,4.66000000415078829973936080932617e-04
8531,4.96999999995750840753316879272461e-04
8532,4.97999999424791894853115081787109e-04
8533,4.81000000036146957427263259887695e-04
8534,4.34000000495871063321828842163086e-04
8535,4.38999999460065737366676330566406e-04
8536,4.39999999798601493239402770996094e-04
8537,4.41000000137137249112129211425781e-04
8538,4.39999999798601493239402770996094e-04
8539,4.41000000137137249112129211425781e-04
8540,4.98000000334286596626043319702148e-04
8541,4.94999999318679329007863998413086e-04
8542,4.95000000228174030780792236328125e-04
8543,4.50999999884516000747680664062500e-04
8544,4.41999999566178303211927413940430e-04
8545,4.41000000137137249112129211425781e-04
8546,4.39999999798601493239402770996094e-04
8547,4.38000000031024683266878128051758e-04
8548,4.38000000031024683266878128051758e-04
8549,4.89999999444989953190088272094727e-04
8550,4.96999999995750840753316879272461e-04
8551,4.96999999995750840753316879272461e-04
8552,4.49000000116939190775156021118164e-04
8553,4.42999999904714059084653854370117e-04
8554,4.42999999904714059084653854370117e-04
8555,4.39000000369560439139604568481445e-04
8556,4.33000000157335307449102401733398e-04
8557,4.33000000157335307449102401733398e-04
8558,4.79000000268570147454738616943359e-04
8559,5.01999999869440216571092605590820e-04
8560,4.95999999657215084880590438842773e-04
8561,4.73000000056345015764236450195312e-04
8562,4.42999999904714059084653854370117e-04
8563,4.43999999333755113184452056884766e-04
8564,4.34999999924912117421627044677734e-04
8565,4.38000000031024683266878128051758e-04
8566,4.39999999798601493239402770996094e-04
8567,4.53000000561587512493133544921875e-04
8568,5.01000000440399162471294403076172e-04
8569,4.95999999657215084880590438842773e-04
8570,4.90999999783525709062814712524414e-04
8571,4.34999999924912117421627044677734e-04
8572,4.41000000137137249112129211425781e-04
8573,4.34999999924912117421627044677734e-04
8574,4.33000000157335307449102401733398e-04
8575,4.43999999333755113184452056884766e-04
8576,4.33000000157335307449102401733398e-04
8577,5.00000000101863406598567962646484e-04
8578,4.90000000354484654963016510009766e-04
8579,4.93000000460597220808267593383789e-04
8580,4.50999999884516000747680664062500e-04
8581,4.44000000243249814957380294799805e-04
8582,4.36999999692488927394151687622070e-04
8583,4.38000000031024683266878128051758e-04
8584,4.44999999672290869057178497314453e-04
8585,4.38000000031024683266878128051758e-04
8586,4.89000000015948899090290069580078e-04
8587,4.94999999318679329007863998413086e-04
8588,5.00000000101863406598567962646484e-04
8589,4.64000000647502020001411437988281e-04
8590,4.47000000349362380802631378173828e-04
8591,4.47999999778403434902429580688477e-04
8592,4.42999999904714059084653854370117e-04
8593,4.42999999904714059084653854370117e-04
8594,4.41000000137137249112129211425781e-04
8595,4.71999999717809259891510009765625e-04
8596,5.00999999530904460698366165161133e-04
8597,4.98000000334286596626043319702148e-04
8598,4.77999999930034391582012176513672e-04
8599,4.47999999778403434902429580688477e-04
8600,4.39999999798601493239402770996094e-04
8601,4.36000000263447873294353485107422e-04
8602,4.46000000010826624929904937744141e-04
8603,4.46000000010826624929904937744141e-04
8604,4.52000000223051756620407104492188e-04
8605,5.09000000420201104134321212768555e-04
8606,4.93999999889638274908065795898438e-04
8607,4.90000000354484654963016510009766e-04
8608,4.50999999884516000747680664062500e-04
8609,4.36999999692488927394151687622070e-04
8610,4.41999999566178303211927413940430e-04
8611,4.42999999904714059084653854370117e-04
8612,4.39999999798601493239402770996094e-04
8613,4.42999999904714059084653854370117e-04
8614,5.08000000081665348261594772338867e-04
8615,5.03000000207975972443819046020508e-04
8616,4.98999999763327650725841522216797e-04
8617,4.44000000243249814957380294799805e-04
8618,4.36999999692488927394151687622070e-04
8619,4.47000000349362380802631378173828e-04
8620,4.41999999566178303211927413940430e-04
8621,4.39000000369560439139604568481445e-04
8622,4.44999999672290869057178497314453e-04
8623,4.96999999995750840753316879272461e-04
8624,5.08000000081665348261594772338867e-04
8625,5.01999999869440216571092605590820e-04
8626,4.57999999525782186537981033325195e-04
8627,4.46000000010826624929904937744141e-04
8628,4.39000000369560439139604568481445e-04
8629,4.47999999778403434902429580688477e-04
8630,4.40999999227642547339200973510742e-04
8631,4.41000000137137249112129211425781e-04
8632,4.96999999995750840753316879272461e-04
8633,4.98000000334286596626043319702148e-04
8634,4.96999999995750840753316879272461e-04
8635,4.68000000182655639946460723876953e-04
8636,4.46000000010826624929904937744141e-04
8637,4.53000000561587512493133544921875e-04
8638,4.44000000243249814957380294799805e-04
8639,4.45000000581785570830106735229492e-04
8640,4.44000000243249814957380294799805e-04
8641,4.86999999338877387344837188720703e-04
8642,5.03000000207975972443819046020508e-04
8643,5.01000000440399162471294403076172e-04
8644,4.68000000182655639946460723876953e-04
8645,4.50999999884516000747680664062500e-04
8646,4.42000000475673004984855651855469e-04
8647,4.42999999904714059084653854370117e-04
8648,4.46000000010826624929904937744141e-04
8649,4.37999999121529981493949890136719e-04
8650,4.60999999631894752383232116699219e-04
8651,5.04000000546511728316545486450195e-04
8652,5.06999999743129592388868331909180e-04
8653,4.87000000248372089117765426635742e-04
8654,4.50999999884516000747680664062500e-04
8655,4.44999999672290869057178497314453e-04
8656,4.42000000475673004984855651855469e-04
8657,4.42999999904714059084653854370117e-04
8658,4.47999999778403434902429580688477e-04
8659,4.57999999525782186537981033325195e-04
8660,5.02999999298481270670890808105469e-04
8661,5.04999999975552782416343688964844e-04
8662,4.98000000334286596626043319702148e-04
8663,4.44000000243249814957380294799805e-04
8664,4.46000000010826624929904937744141e-04
8665,4.49000000116939190775156021118164e-04
8666,4.44000000243249814957380294799805e-04
8667,4.39000000369560439139604568481445e-04
8668,4.41000000137137249112129211425781e-04
8669,5.04000000546511728316545486450195e-04
8670,5.08000000081665348261594772338867e-04
8671,5.09999999849242158234119415283203e-04
8672,4.55000000329164322465658187866211e-04
8673,4.46000000010826624929904937744141e-04
8674,4.34000000495871063321828842163086e-04
8675,4.41999999566178303211927413940430e-04
8676,4.46000000010826624929904937744141e-04
8677,4.38999999460065737366676330566406e-04
8678,5.01999999869440216571092605590820e-04
8679,5.01000000440399162471294403076172e-04
8680,5.00999999530904460698366165161133e-04
8681,4.53999999990628566592931747436523e-04
8682,4.50999999884516000747680664062500e-04
8683,4.36999999692488927394151687622070e-04
8684,4.46999999439867679029703140258789e-04
8685,4.39000000369560439139604568481445e-04
8686,4.49000000116939190775156021118164e-04
8687,4.98999999763327650725841522216797e-04
8688,5.03999999637017026543617248535156e-04
8689,5.04999999975552782416343688964844e-04
8690,4.61000000541389454156160354614258e-04
8691,4.46000000010826624929904937744141e-04
8692,4.46999999439867679029703140258789e-04
8693,4.47000000349362380802631378173828e-04
8694,4.50000000455474946647882461547852e-04
8695,4.46000000010826624929904937744141e-04
8696,4.87000000248372089117765426635742e-04
8697,4.95000000228174030780792236328125e-04
8698,5.12000000526313669979572296142578e-04
8699,4.68000000182655639946460723876953e-04
8700,4.50000000455474946647882461547852e-04
8701,4.39999999798601493239402770996094e-04
8702,4.47999999778403434902429580688477e-04
8703,4.46999999439867679029703140258789e-04
8704,4.53999999990628566592931747436523e-04
8705,4.89000000015948899090290069580078e-04
8706,5.14999999722931534051895141601562e-04
8707,5.00000000101863406598567962646484e-04
8708,4.60000000202853698283433914184570e-04
8709,4.53999999990628566592931747436523e-04
8710,4.46000000010826624929904937744141e-04
8711,4.52999999652092810720205307006836e-04
8712,4.41999999566178303211927413940430e-04
8713,4.50999999884516000747680664062500e-04
8714,4.82999999803723767399787902832031e-04
8715,5.11999999616818968206644058227539e-04
8716,5.08000000081665348261594772338867e-04
8717,4.81000000036146957427263259887695e-04
8718,4.48000000687898136675357818603516e-04
8719,4.50999999884516000747680664062500e-04
8720,4.41000000137137249112129211425781e-04
8721,4.41999999566178303211927413940430e-04
8722,4.44000000243249814957380294799805e-04
8723,4.68000000182655639946460723876953e-04
8724,5.08000000081665348261594772338867e-04
8725,5.04999999975552782416343688964844e-04
8726,4.95000000228174030780792236328125e-04
8727,4.50000000455474946647882461547852e-04
8728,4.44000000243249814957380294799805e-04
8729,4.44999999672290869057178497314453e-04
8730,4.45000000581785570830106735229492e-04
8731,4.48999999207444489002227783203125e-04
8732,4.57000000096741132438182830810547e-04
8733,5.14999999722931534051895141601562e-04
8734,5.08000000081665348261594772338867e-04
8735,5.06999999743129592388868331909180e-04
8736,4.52000000223051756620407104492188e-04
8737,4.52999999652092810720205307006836e-04
8738,4.46999999439867679029703140258789e-04
8739,4.55000000329164322465658187866211e-04
8740,4.52000000223051756620407104492188e-04
8741,4.58999999864317942410707473754883e-04
8742,5.09000000420201104134321212768555e-04
8743,5.05999999404593836516141891479492e-04
8744,5.01999999869440216571092605590820e-04
8745,4.52000000223051756620407104492188e-04
8746,4.39999999798601493239402770996094e-04
8747,4.52000000223051756620407104492188e-04
8748,4.52000000223051756620407104492188e-04
8749,4.44000000243249814957380294799805e-04
8750,4.46999999439867679029703140258789e-04
8751,5.11000000187777914106845855712891e-04
8752,5.20000000506115611642599105834961e-04
8753,5.09000000420201104134321212768555e-04
8754,4.60999999631894752383232116699219e-04
8755,4.53999999990628566592931747436523e-04
8756,4.39999999798601493239402770996094e-04
8757,4.59000000773812644183635711669922e-04
8758,4.49000000116939190775156021118164e-04
8759,4.53999999990628566592931747436523e-04
8760,5.09999999849242158234119415283203e-04
8761,5.01999999869440216571092605590820e-04
8762,5.00999999530904460698366165161133e-04
8763,4.68000000182655639946460723876953e-04
8764,4.52999999652092810720205307006836e-04
8765,4.55000000329164322465658187866211e-04
8766,4.49000000116939190775156021118164e-04
8767,4.47000000349362380802631378173828e-04
8768,4.47999999778403434902429580688477e-04
8769,5.09000000420201104134321212768555e-04
8770,5.10000000758736860007047653198242e-04
8771,5.11999999616818968206644058227539e-04
8772,4.57999999525782186537981033325195e-04
8773,4.45000000581785570830106735229492e-04
8774,4.52000000223051756620407104492188e-04
8775,4.54999999419669620692729949951172e-04
8776,4.56000000667700078338384628295898e-04
8777,4.56999999187246430665254592895508e-04
8778,5.08000000081665348261594772338867e-04
8779,5.12000000526313669979572296142578e-04
8780,5.08999999510706402361392974853516e-04
8781,4.58999999864317942410707473754883e-04
8782,4.52000000223051756620407104492188e-04
8783,4.55000000329164322465658187866211e-04
8784,4.52000000223051756620407104492188e-04
8785,4.49000000116939190775156021118164e-04
8786,4.50999999884516000747680664062500e-04
8787,5.06000000314088538289070129394531e-04
8788,5.03999999637017026543617248535156e-04
8789,5.17000000400003045797348022460938e-04
8790,4.63000000308966264128684997558594e-04
8791,4.47999999778403434902429580688477e-04
8792,4.55999999758205376565456390380859e-04
8793,4.57000000096741132438182830810547e-04
8794,4.47000000349362380802631378173828e-04
8795,4.52999999652092810720205307006836e-04
8796,5.08000000081665348261594772338867e-04
8797,5.09999999849242158234119415283203e-04
8798,5.09999999849242158234119415283203e-04
8799,4.61999999970430508255958557128906e-04
8800,4.53999999990628566592931747436523e-04
8801,4.53999999990628566592931747436523e-04
8802,4.55000000329164322465658187866211e-04
8803,4.52999999652092810720205307006836e-04
8804,4.55999999758205376565456390380859e-04
8805,5.08000000081665348261594772338867e-04
8806,5.19000000167579855769872665405273e-04
8807,5.15000000632426235824823379516602e-04
8808,4.65000000076543074101209640502930e-04
8809,4.55999999758205376565456390380859e-04
8810,4.44000000243249814957380294799805e-04
8811,4.51000000794010702520608901977539e-04
8812,4.53999999990628566592931747436523e-04
8813,4.55999999758205376565456390380859e-04
8814,5.07000000652624294161796569824219e-04
8815,5.16999999490508344024419784545898e-04
8816,5.09999999849242158234119415283203e-04
8817,4.69999999950232449918985366821289e-04
8818,4.52000000223051756620407104492188e-04
8819,4.50000000455474946647882461547852e-04
8820,4.57000000096741132438182830810547e-04
8821,4.49000000116939190775156021118164e-04
8822,4.47999999778403434902429580688477e-04
8823,5.03000000207975972443819046020508e-04
8824,5.06000000314088538289070129394531e-04
8825,5.17000000400003045797348022460938e-04
8826,4.68999999611696694046258926391602e-04
8827,4.61000000541389454156160354614258e-04
8828,4.51000000794010702520608901977539e-04
8829,4.53999999990628566592931747436523e-04
8830,4.44000000243249814957380294799805e-04
8831,4.46000000010826624929904937744141e-04
8832,5.08000000081665348261594772338867e-04
8833,5.19000000167579855769872665405273e-04
8834,5.11999999616818968206644058227539e-04
8835,4.69999999950232449918985366821289e-04
8836,4.58999999864317942410707473754883e-04
8837,4.52000000223051756620407104492188e-04
8838,4.52999999652092810720205307006836e-04
8839,4.58999999864317942410707473754883e-04
8840,4.54999999419669620692729949951172e-04
8841,4.97999999424791894853115081787109e-04
8842,5.09999999849242158234119415283203e-04
8843,5.06000000314088538289070129394531e-04
8844,4.79000000268570147454738616943359e-04
8845,4.57000000096741132438182830810547e-04
8846,4.58999999864317942410707473754883e-04
8847,4.54999999419669620692729949951172e-04
8848,4.52999999652092810720205307006836e-04
8849,4.53999999990628566592931747436523e-04
8850,5.16999999490508344024419784545898e-04
8851,5.12999999955354724079370498657227e-04
8852,5.15000000632426235824823379516602e-04
8853,4.65999999505584128201007843017578e-04
8854,4.55999999758205376565456390380859e-04
8855,4.55999999758205376565456390380859e-04
8856,4.55999999758205376565456390380859e-04
8857,4.57999999525782186537981033325195e-04
8858,4.62999999399471562355756759643555e-04
8859,5.16999999490508344024419784545898e-04
8860,5.14999999722931534051895141601562e-04
8861,5.11999999616818968206644058227539e-04
8862,4.73999999485386069864034652709961e-04
8863,4.52999999652092810720205307006836e-04
8864,4.56000000667700078338384628295898e-04
8865,4.50000000455474946647882461547852e-04
8866,4.44999999672290869057178497314453e-04
8867,4.54999999419669620692729949951172e-04
8868,5.03000000207975972443819046020508e-04
8869,5.20000000506115611642599105834961e-04
8870,5.19999999596620909869670867919922e-04
8871,4.68000000182655639946460723876953e-04
8872,4.55000000329164322465658187866211e-04
8873,4.57000000096741132438182830810547e-04
8874,4.44000000243249814957380294799805e-04
8875,4.53999999990628566592931747436523e-04
8876,4.54999999419669620692729949951172e-04
8877,5.14999999722931534051895141601562e-04
8878,5.11000000187777914106845855712891e-04
8879,5.14000000293890479952096939086914e-04
8880,4.69999999950232449918985366821289e-04
8881,4.57000000096741132438182830810547e-04
8882,4.53999999990628566592931747436523e-04
8883,4.58999999864317942410707473754883e-04
8884,4.57999999525782186537981033325195e-04
8885,4.53999999990628566592931747436523e-04
8886,5.19000000167579855769872665405273e-04
8887,5.15000000632426235824823379516602e-04
8888,5.09999999849242158234119415283203e-04
8889,4.65000000076543074101209640502930e-04
8890,4.60999999631894752383232116699219e-04
8891,4.60000000202853698283433914184570e-04
8892,4.57999999525782186537981033325195e-04
8893,4.53999999990628566592931747436523e-04
8894,4.51999999313557054847478866577148e-04
8895,5.11999999616818968206644058227539e-04
8896,5.17999999829044099897146224975586e-04
8897,5.16000000061467289924621582031250e-04
8898,4.67999999273160938173532485961914e-04
8899,4.57000000096741132438182830810547e-04
8900,4.52999999652092810720205307006836e-04
8901,4.61999999970430508255958557128906e-04
8902,4.52000000223051756620407104492188e-04
8903,4.68000000182655639946460723876953e-04
8904,5.17999999829044099897146224975586e-04
8905,5.17999999829044099897146224975586e-04
8906,5.16000000061467289924621582031250e-04
8907,4.58999999864317942410707473754883e-04
8908,4.53999999990628566592931747436523e-04
8909,4.62999999399471562355756759643555e-04
8910,4.56000000667700078338384628295898e-04
8911,4.53999999990628566592931747436523e-04
8912,4.54999999419669620692729949951172e-04
8913,5.17000000400003045797348022460938e-04
8914,5.17999999829044099897146224975586e-04
8915,5.14000000293890479952096939086914e-04
8916,4.71999999717809259891510009765625e-04
8917,4.61999999970430508255958557128906e-04
8918,4.60999999631894752383232116699219e-04
8919,4.60000000202853698283433914184570e-04
8920,4.58999999864317942410707473754883e-04
8921,4.68999999611696694046258926391602e-04
8922,5.16000000061467289924621582031250e-04
8923,5.19000000167579855769872665405273e-04
8924,5.16000000061467289924621582031250e-04
8925,4.58999999864317942410707473754883e-04
8926,4.60999999631894752383232116699219e-04
8927,4.60000000202853698283433914184570e-04
8928,4.54999999419669620692729949951172e-04
8929,4.57999999525782186537981033325195e-04
8930,4.72999999146850313991308212280273e-04
8931,5.20000000506115611642599105834961e-04
8932,5.19000000167579855769872665405273e-04
8933,5.06000000314088538289070129394531e-04
8934,4.61000000541389454156160354614258e-04
8935,4.53999999990628566592931747436523e-04
8936,4.57000000096741132438182830810547e-04
8937,4.60999999631894752383232116699219e-04
8938,4.53999999990628566592931747436523e-04
8939,4.74999999823921825736761093139648e-04
8940,5.24000000041269231587648391723633e-04
8941,5.18000000738538801670074462890625e-04
8942,5.08999999510706402361392974853516e-04
8943,4.65999999505584128201007843017578e-04
8944,4.66000000415078829973936080932617e-04
8945,4.63999999738007318228483200073242e-04
8946,4.52000000223051756620407104492188e-04
8947,4.58999999864317942410707473754883e-04
8948,4.93999999889638274908065795898438e-04
8949,5.25000000379804987460374832153320e-04
8950,5.20999999935156665742397308349609e-04
8951,4.90999999783525709062814712524414e-04
8952,4.65000000076543074101209640502930e-04
8953,4.57000000096741132438182830810547e-04
8954,4.55000000329164322465658187866211e-04
8955,4.65000000076543074101209640502930e-04
8956,4.60000000202853698283433914184570e-04
8957,5.08000000081665348261594772338867e-04
8958,5.24000000041269231587648391723633e-04
8959,5.21999999364197719842195510864258e-04
8960,4.81000000036146957427263259887695e-04
8961,4.62999999399471562355756759643555e-04
8962,4.58999999864317942410707473754883e-04
8963,4.61999999970430508255958557128906e-04
8964,4.66000000415078829973936080932617e-04
8965,4.63999999738007318228483200073242e-04
8966,5.15000000632426235824823379516602e-04
8967,5.16000000061467289924621582031250e-04
8968,5.23000000612228177487850189208984e-04
8969,4.75999999252962879836559295654297e-04
8970,4.65000000076543074101209640502930e-04
8971,4.65000000076543074101209640502930e-04
8972,4.60000000202853698283433914184570e-04
8973,4.63000000308966264128684997558594e-04
8974,4.58999999864317942410707473754883e-04
8975,5.28000000485917553305625915527344e-04
8976,5.21999999364197719842195510864258e-04
8977,5.22000000273692421615123748779297e-04
8978,4.66000000415078829973936080932617e-04
8979,4.55000000329164322465658187866211e-04
8980,4.65000000076543074101209640502930e-04
8981,4.55999999758205376565456390380859e-04
8982,4.52000000223051756620407104492188e-04
8983,4.58999999864317942410707473754883e-04
8984,5.19999999596620909869670867919922e-04
8985,5.20000000506115611642599105834961e-04
8986,5.27000000147381797432899475097656e-04
8987,4.61999999970430508255958557128906e-04
8988,4.65000000076543074101209640502930e-04
8989,4.57000000096741132438182830810547e-04
8990,4.60000000202853698283433914184570e-04
8991,4.58999999864317942410707473754883e-04
8992,4.77999999930034391582012176513672e-04
8993,5.17999999829044099897146224975586e-04
8994,5.23000000612228177487850189208984e-04
8995,5.11000000187777914106845855712891e-04
8996,4.64000000647502020001411437988281e-04
8997,4.59000000773812644183635711669922e-04
8998,4.69000000521191395819187164306641e-04
8999,4.68000000182655639946460723876953e-04
9000,4.53999999990628566592931747436523e-04
9001,4.85999999909836333245038986206055e-04
9002,5.17000000400003045797348022460938e-04
9003,5.22999999702733475714921951293945e-04
9004,5.01000000440399162471294403076172e-04
9005,4.71000000288768205791711807250977e-04
9006,4.65000000076543074101209640502930e-04
9007,4.58999999864317942410707473754883e-04
9008,4.61000000541389454156160354614258e-04
9009,4.65000000076543074101209640502930e-04
9010,5.03999999637017026543617248535156e-04
9011,5.17000000400003045797348022460938e-04
9012,5.25000000379804987460374832153320e-04
9013,4.91999999212566763162612915039062e-04
9014,4.57999999525782186537981033325195e-04
9015,4.63000000308966264128684997558594e-04
9016,4.63000000308966264128684997558594e-04
9017,4.61999999970430508255958557128906e-04
9018,4.61999999970430508255958557128906e-04
9019,5.09999999849242158234119415283203e-04
9020,5.20000000506115611642599105834961e-04
9021,5.24000000041269231587648391723633e-04
9022,4.84999999571300577372312545776367e-04
9023,4.58999999864317942410707473754883e-04
9024,4.60000000202853698283433914184570e-04
9025,4.64000000647502020001411437988281e-04
9026,4.64999999167048372328281402587891e-04
9027,4.65999999505584128201007843017578e-04
9028,5.17000000400003045797348022460938e-04
9029,5.21999999364197719842195510864258e-04
9030,5.20999999935156665742397308349609e-04
9031,4.78000000839529093354940414428711e-04
9032,4.69000000521191395819187164306641e-04
9033,4.65000000076543074101209640502930e-04
9034,4.63999999738007318228483200073242e-04
9035,4.59999999293358996510505676269531e-04
9036,4.60999999631894752383232116699219e-04
9037,5.20000000506115611642599105834961e-04
9038,5.27999999576422851532697677612305e-04
9039,5.28999999914958607405424118041992e-04
9040,4.73999999485386069864034652709961e-04
9041,4.63000000308966264128684997558594e-04
9042,4.67999999273160938173532485961914e-04
9043,4.65000000076543074101209640502930e-04
9044,4.57999999525782186537981033325195e-04
9045,4.79000000268570147454738616943359e-04
9046,5.24000000041269231587648391723633e-04
9047,5.24000000041269231587648391723633e-04
9048,5.07000000652624294161796569824219e-04
9049,4.66999999844119884073734283447266e-04
9050,4.65000000076543074101209640502930e-04
9051,4.63999999738007318228483200073242e-04
9052,4.63999999738007318228483200073242e-04
9053,4.71999999717809259891510009765625e-04
9054,4.96999999995750840753316879272461e-04
9055,5.25999999808846041560173034667969e-04
9056,5.33000000359606929123401641845703e-04
9057,4.90999999783525709062814712524414e-04
9058,4.65000000076543074101209640502930e-04
9059,4.62999999399471562355756759643555e-04
9060,4.66000000415078829973936080932617e-04
9061,4.68999999611696694046258926391602e-04
9062,4.73999999485386069864034652709961e-04
9063,5.19000000167579855769872665405273e-04
9064,5.20999999935156665742397308349609e-04
9065,5.27000000147381797432899475097656e-04
9066,4.73999999485386069864034652709961e-04
9067,4.65000000076543074101209640502930e-04
9068,4.65000000076543074101209640502930e-04
9069,4.66999999844119884073734283447266e-04
9070,4.66999999844119884073734283447266e-04
9071,4.62999999399471562355756759643555e-04
9072,5.24000000041269231587648391723633e-04
9073,5.25000000379804987460374832153320e-04
9074,5.24999999470310285687446594238281e-04
9075,4.70999999379273504018783569335938e-04
9076,4.71999999717809259891510009765625e-04
9077,4.73000000056345015764236450195312e-04
9078,4.66000000415078829973936080932617e-04
9079,4.55000000329164322465658187866211e-04
9080,4.68999999611696694046258926391602e-04
9081,5.30999999682535417377948760986328e-04
9082,5.22000000273692421615123748779297e-04
9083,5.20000000506115611642599105834961e-04
9084,4.69999999950232449918985366821289e-04
9085,4.64000000647502020001411437988281e-04
9086,4.71000000288768205791711807250977e-04
9087,4.68999999611696694046258926391602e-04
9088,4.64000000647502020001411437988281e-04
9089,4.90000000354484654963016510009766e-04
9090,5.30999999682535417377948760986328e-04
9091,5.27000000147381797432899475097656e-04
9092,5.08999999510706402361392974853516e-04
9093,4.68000000182655639946460723876953e-04
9094,4.55999999758205376565456390380859e-04
9095,4.69999999950232449918985366821289e-04
9096,4.63000000308966264128684997558594e-04
9097,4.71999999717809259891510009765625e-04
9098,5.09000000420201104134321212768555e-04
9099,5.38000000233296304941177368164062e-04
9100,5.32000000021071173250675201416016e-04
9101,4.84000000142259523272514343261719e-04
9102,4.71000000288768205791711807250977e-04
9103,4.66999999844119884073734283447266e-04
9104,4.68999999611696694046258926391602e-04
9105,4.62999999399471562355756759643555e-04
9106,4.68000000182655639946460723876953e-04
9107,5.26000000718340743333101272583008e-04
9108,5.25999999808846041560173034667969e-04
9109,5.22000000273692421615123748779297e-04
9110,4.69999999950232449918985366821289e-04
9111,4.65000000076543074101209640502930e-04
9112,4.67999999273160938173532485961914e-04
9113,4.75999999252962879836559295654297e-04
9114,4.65999999505584128201007843017578e-04
9115,4.79999999697611201554536819458008e-04
9116,5.35999999556224793195724487304688e-04
9117,5.29999999343999661505222320556641e-04
9118,5.14000000293890479952096939086914e-04
9119,4.65000000076543074101209640502930e-04
9120,4.76000000162457581609487533569336e-04
9121,4.65999999505584128201007843017578e-04
9122,4.68999999611696694046258926391602e-04
9123,4.66999999844119884073734283447266e-04
9124,4.87999999677413143217563629150391e-04
9125,5.37000000804255250841379165649414e-04
9126,5.27999999576422851532697677612305e-04
9127,4.90999999783525709062814712524414e-04
9128,4.71000000288768205791711807250977e-04
9129,4.65000000076543074101209640502930e-04
9130,4.61999999970430508255958557128906e-04
9131,4.68999999611696694046258926391602e-04
9132,4.68999999611696694046258926391602e-04
9133,5.19000000167579855769872665405273e-04
9134,5.26000000718340743333101272583008e-04
9135,5.27999999576422851532697677612305e-04
9136,4.93999999889638274908065795898438e-04
9137,4.73000000056345015764236450195312e-04
9138,4.74999999823921825736761093139648e-04
9139,4.69999999950232449918985366821289e-04
9140,4.70999999379273504018783569335938e-04
9141,4.63000000308966264128684997558594e-04
9142,5.36000000465719494968652725219727e-04
9143,5.31000000592030119150876998901367e-04
9144,5.36999999894760549068450927734375e-04
9145,4.76000000162457581609487533569336e-04
9146,4.74999999823921825736761093139648e-04
9147,4.68999999611696694046258926391602e-04
9148,4.72000000627303961664438247680664e-04
9149,4.72000000627303961664438247680664e-04
9150,4.91000000693020410835742950439453e-04
9151,5.36999999894760549068450927734375e-04
9152,5.31000000592030119150876998901367e-04
9153,5.03999999637017026543617248535156e-04
9154,4.77999999930034391582012176513672e-04
9155,4.65000000076543074101209640502930e-04
9156,4.71999999717809259891510009765625e-04
9157,4.71999999717809259891510009765625e-04
9158,4.70999999379273504018783569335938e-04
9159,5.14999999722931534051895141601562e-04
9160,5.35000000127183739095926284790039e-04
9161,5.33999999788647983223199844360352e-04
9162,4.92000000122061464935541152954102e-04
9163,4.69000000521191395819187164306641e-04
9164,4.61999999970430508255958557128906e-04
9165,4.73000000056345015764236450195312e-04
9166,4.77000000500993337482213973999023e-04
9167,4.69000000521191395819187164306641e-04
9168,5.27000000147381797432899475097656e-04
9169,5.33000000359606929123401641845703e-04
9170,5.32000000021071173250675201416016e-04
9171,4.74000000394880771636962890625000e-04
9172,4.63999999738007318228483200073242e-04
9173,4.71999999717809259891510009765625e-04
9174,4.78000000839529093354940414428711e-04
9175,4.62999999399471562355756759643555e-04
9176,4.80000000607105903327465057373047e-04
9177,5.37999999323801603168249130249023e-04
9178,5.41000000339408870786428451538086e-04
9179,5.14000000293890479952096939086914e-04
9180,4.81999999465188011527061462402344e-04
9181,4.75000000733416527509689331054688e-04
9182,4.66999999844119884073734283447266e-04
9183,4.73000000056345015764236450195312e-04
9184,4.69999999950232449918985366821289e-04
9185,5.19999999596620909869670867919922e-04
9186,5.35000000127183739095926284790039e-04
9187,5.31000000592030119150876998901367e-04
9188,4.89000000015948899090290069580078e-04
9189,4.71999999717809259891510009765625e-04
9190,4.71999999717809259891510009765625e-04
9191,4.73999999485386069864034652709961e-04
9192,4.74000000394880771636962890625000e-04
9193,4.75999999252962879836559295654297e-04
9194,5.23000000612228177487850189208984e-04
9195,5.38000000233296304941177368164062e-04
9196,5.27999999576422851532697677612305e-04
9197,4.79999999697611201554536819458008e-04
9198,4.73000000056345015764236450195312e-04
9199,4.76999999591498635709285736083984e-04
9200,4.76999999591498635709285736083984e-04
9201,4.79999999697611201554536819458008e-04
9202,4.79999999697611201554536819458008e-04
9203,5.31000000592030119150876998901367e-04
9204,5.28000000485917553305625915527344e-04
9205,5.17999999829044099897146224975586e-04
9206,4.76000000162457581609487533569336e-04
9207,4.76999999591498635709285736083984e-04
9208,4.77000000500993337482213973999023e-04
9209,4.74999999823921825736761093139648e-04
9210,4.73000000056345015764236450195312e-04
9211,5.11999999616818968206644058227539e-04
9212,5.28000000485917553305625915527344e-04
9213,5.30000000253494363278150558471680e-04
9214,4.74000000394880771636962890625000e-04
9215,4.72000000627303961664438247680664e-04
9216,4.71000000288768205791711807250977e-04
9217,4.78999999359075445681810379028320e-04
9218,4.61999999970430508255958557128906e-04
9219,4.69999999950232449918985366821289e-04
9220,5.24999999470310285687446594238281e-04
9221,5.31000000592030119150876998901367e-04
9222,5.34000000698142684996128082275391e-04
9223,4.84999999571300577372312545776367e-04
9224,4.72000000627303961664438247680664e-04
9225,4.69999999950232449918985366821289e-04
9226,4.76000000162457581609487533569336e-04
9227,4.69999999950232449918985366821289e-04
9228,4.82999999803723767399787902832031e-04
9229,5.35000000127183739095926284790039e-04
9230,5.41000000339408870786428451538086e-04
9231,5.30999999682535417377948760986328e-04
9232,4.83999999232764821499586105346680e-04
9233,4.69999999950232449918985366821289e-04
9234,4.71000000288768205791711807250977e-04
9235,4.65999999505584128201007843017578e-04
9236,4.74999999823921825736761093139648e-04
9237,5.22999999702733475714921951293945e-04
9238,5.41000000339408870786428451538086e-04
9239,5.39000000571832060813903808593750e-04
9240,4.91000000693020410835742950439453e-04
9241,4.79999999697611201554536819458008e-04
9242,4.72000000627303961664438247680664e-04
9243,4.65000000076543074101209640502930e-04
9244,4.74999999823921825736761093139648e-04
9245,4.77000000500993337482213973999023e-04
9246,5.39000000571832060813903808593750e-04
9247,5.46999999642139300704002380371094e-04
9248,5.36999999894760549068450927734375e-04
9249,4.84000000142259523272514343261719e-04
9250,4.81000000036146957427263259887695e-04
9251,4.79999999697611201554536819458008e-04
9252,4.76000000162457581609487533569336e-04
9253,4.69999999950232449918985366821289e-04
9254,5.00000000101863406598567962646484e-04
9255,5.36000000465719494968652725219727e-04
9256,5.38999999662337359040975570678711e-04
9257,5.12999999955354724079370498657227e-04
9258,4.81999999465188011527061462402344e-04
9259,4.70999999379273504018783569335938e-04
9260,4.74000000394880771636962890625000e-04
9261,4.74999999823921825736761093139648e-04
9262,4.74000000394880771636962890625000e-04
9263,5.32999999450112227350473403930664e-04
9264,5.37000000804255250841379165649414e-04
9265,5.41999999768449924886226654052734e-04
9266,4.84000000142259523272514343261719e-04
9267,4.76999999591498635709285736083984e-04
9268,4.77999999930034391582012176513672e-04
9269,4.77999999930034391582012176513672e-04
9270,4.73000000056345015764236450195312e-04
9271,4.88000000586907844990491867065430e-04
9272,5.47999999980675056576728820800781e-04
9273,5.38000000233296304941177368164062e-04
9274,5.25999999808846041560173034667969e-04
9275,4.87000000248372089117765426635742e-04
9276,4.76000000162457581609487533569336e-04
9277,4.74999999823921825736761093139648e-04
9278,4.76000000162457581609487533569336e-04
9279,4.73999999485386069864034652709961e-04
9280,5.28000000485917553305625915527344e-04
9281,5.41000000339408870786428451538086e-04
9282,5.42000000677944626659154891967773e-04
9283,4.87000000248372089117765426635742e-04
9284,4.82000000374682713299989700317383e-04
9285,4.77000000500993337482213973999023e-04
9286,4.77000000500993337482213973999023e-04
9287,4.74999999823921825736761093139648e-04
9288,4.77999999930034391582012176513672e-04
9289,5.35000000127183739095926284790039e-04
9290,5.41999999768449924886226654052734e-04
9291,5.36999999894760549068450927734375e-04
9292,4.86999999338877387344837188720703e-04
9293,4.78999999359075445681810379028320e-04
9294,4.83999999232764821499586105346680e-04
9295,4.78999999359075445681810379028320e-04
9296,4.79000000268570147454738616943359e-04
9297,5.12999999955354724079370498657227e-04
9298,5.41000000339408870786428451538086e-04
9299,5.44999999874562490731477737426758e-04
9300,5.03999999637017026543617248535156e-04
9301,4.81000000036146957427263259887695e-04
9302,4.81000000036146957427263259887695e-04
9303,4.78999999359075445681810379028320e-04
9304,4.77000000500993337482213973999023e-04
9305,4.66999999844119884073734283447266e-04
9306,5.40000000000873114913702011108398e-04
9307,5.42000000677944626659154891967773e-04
9308,5.41000000339408870786428451538086e-04
9309,4.85999999909836333245038986206055e-04
9310,4.76999999591498635709285736083984e-04
9311,4.84000000142259523272514343261719e-04
9312,4.77000000500993337482213973999023e-04
9313,4.76999999591498635709285736083984e-04
9314,4.95999999657215084880590438842773e-04
9315,5.35999999556224793195724487304688e-04
9316,5.43999999536026734858751296997070e-04
9317,5.16000000061467289924621582031250e-04
9318,4.85999999909836333245038986206055e-04
9319,4.79999999697611201554536819458008e-04
9320,4.75999999252962879836559295654297e-04
9321,4.79999999697611201554536819458008e-04
9322,4.78999999359075445681810379028320e-04
9323,5.34999999217689037322998046875000e-04
9324,5.35000000127183739095926284790039e-04
9325,5.38999999662337359040975570678711e-04
9326,4.87999999677413143217563629150391e-04
9327,4.83000000713218469172716140747070e-04
9328,4.81000000036146957427263259887695e-04
9329,4.74000000394880771636962890625000e-04
9330,4.77999999930034391582012176513672e-04
9331,4.90999999783525709062814712524414e-04
9332,5.41000000339408870786428451538086e-04
9333,5.36999999894760549068450927734375e-04
9334,5.24999999470310285687446594238281e-04
9335,4.90000000354484654963016510009766e-04
9336,4.81999999465188011527061462402344e-04
9337,4.80000000607105903327465057373047e-04
9338,4.81000000036146957427263259887695e-04
9339,4.74999999823921825736761093139648e-04
9340,5.30000000253494363278150558471680e-04
9341,5.43000000106985680758953094482422e-04
9342,5.36999999894760549068450927734375e-04
9343,4.90000000354484654963016510009766e-04
9344,4.84999999571300577372312545776367e-04
9345,4.81000000036146957427263259887695e-04
9346,4.86999999338877387344837188720703e-04
9347,4.76999999591498635709285736083984e-04
9348,4.91999999212566763162612915039062e-04
9349,5.41000000339408870786428451538086e-04
9350,5.38000000233296304941177368164062e-04
9351,5.17999999829044099897146224975586e-04
9352,4.76000000162457581609487533569336e-04
9353,4.85999999909836333245038986206055e-04
9354,4.91999999212566763162612915039062e-04
9355,4.85999999909836333245038986206055e-04
9356,4.85999999909836333245038986206055e-04
9357,5.36999999894760549068450927734375e-04
9358,5.41000000339408870786428451538086e-04
9359,5.44999999874562490731477737426758e-04
9360,4.92000000122061464935541152954102e-04
9361,4.85999999909836333245038986206055e-04
9362,4.77999999930034391582012176513672e-04
9363,4.90999999783525709062814712524414e-04
9364,4.80000000607105903327465057373047e-04
9365,5.00000000101863406598567962646484e-04
9366,5.44999999874562490731477737426758e-04
9367,5.51000000086787622421979904174805e-04
9368,5.14999999722931534051895141601562e-04
9369,4.87000000248372089117765426635742e-04
9370,4.87999999677413143217563629150391e-04
9371,4.81000000036146957427263259887695e-04
9372,4.81000000036146957427263259887695e-04
9373,4.78999999359075445681810379028320e-04
9374,5.38999999662337359040975570678711e-04
9375,5.44999999874562490731477737426758e-04
9376,5.44999999874562490731477737426758e-04
9377,4.89999999444989953190088272094727e-04
9378,4.92000000122061464935541152954102e-04
9379,4.82000000374682713299989700317383e-04
9380,4.69999999950232449918985366821289e-04
9381,4.84999999571300577372312545776367e-04
9382,4.96999999995750840753316879272461e-04
9383,5.51000000086787622421979904174805e-04
9384,5.46000000213098246604204177856445e-04
9385,5.16000000061467289924621582031250e-04
9386,4.87000000248372089117765426635742e-04
9387,4.89999999444989953190088272094727e-04
9388,4.82999999803723767399787902832031e-04
9389,4.81000000036146957427263259887695e-04
9390,4.85999999909836333245038986206055e-04
9391,5.47000000551634002476930618286133e-04
9392,5.43999999536026734858751296997070e-04
9393,5.47000000551634002476930618286133e-04
9394,4.93999999889638274908065795898438e-04
9395,4.78999999359075445681810379028320e-04
9396,4.84000000142259523272514343261719e-04
9397,4.76000000162457581609487533569336e-04
9398,4.83000000713218469172716140747070e-04
9399,5.03000000207975972443819046020508e-04
9400,5.49999999748251866549253463745117e-04
9401,5.51000000086787622421979904174805e-04
9402,5.17999999829044099897146224975586e-04
9403,4.93999999889638274908065795898438e-04
9404,4.88000000586907844990491867065430e-04
9405,4.78999999359075445681810379028320e-04
9406,4.78999999359075445681810379028320e-04
9407,4.84000000142259523272514343261719e-04
9408,5.43999999536026734858751296997070e-04
9409,5.54999999621941242367029190063477e-04
9410,5.46000000213098246604204177856445e-04
9411,4.90000000354484654963016510009766e-04
9412,4.96999999995750840753316879272461e-04
9413,4.85999999909836333245038986206055e-04
9414,4.87000000248372089117765426635742e-04
9415,4.76000000162457581609487533569336e-04
9416,5.21999999364197719842195510864258e-04
9417,5.52000000425323378294706344604492e-04
9418,5.43000000106985680758953094482422e-04
9419,4.96000000566709786653518676757812e-04
9420,4.82000000374682713299989700317383e-04
9421,4.87000000248372089117765426635742e-04
9422,4.87000000248372089117765426635742e-04
9423,4.89000000015948899090290069580078e-04
9424,4.90999999783525709062814712524414e-04
9425,5.52999999854364432394504547119141e-04
9426,5.46000000213098246604204177856445e-04
9427,5.38000000233296304941177368164062e-04
9428,4.87000000248372089117765426635742e-04
9429,4.90000000354484654963016510009766e-04
9430,4.84999999571300577372312545776367e-04
9431,4.87000000248372089117765426635742e-04
9432,4.87000000248372089117765426635742e-04
9433,5.53999999283405486494302749633789e-04
9434,5.49000000319210812449455261230469e-04
9435,5.50999999177292920649051666259766e-04
9436,4.87999999677413143217563629150391e-04
9437,4.85999999909836333245038986206055e-04
9438,4.82999999803723767399787902832031e-04
9439,4.87000000248372089117765426635742e-04
9440,4.82999999803723767399787902832031e-04
9441,4.98000000334286596626043319702148e-04
9442,5.56999999389518052339553833007812e-04
9443,5.44999999874562490731477737426758e-04
9444,5.28000000485917553305625915527344e-04
9445,4.80000000607105903327465057373047e-04
9446,4.86999999338877387344837188720703e-04
9447,4.79000000268570147454738616943359e-04
9448,4.85000000480795279145240783691406e-04
9449,4.91000000693020410835742950439453e-04
9450,5.43000000106985680758953094482422e-04
9451,5.51999999515828676521778106689453e-04
9452,5.51000000086787622421979904174805e-04
9453,4.92999999551102519035339355468750e-04
9454,4.82000000374682713299989700317383e-04
9455,4.83999999232764821499586105346680e-04
9456,4.85999999909836333245038986206055e-04
9457,4.79999999697611201554536819458008e-04
9458,5.00999999530904460698366165161133e-04
9459,5.56999999389518052339553833007812e-04
9460,5.49999999748251866549253463745117e-04
9461,5.17999999829044099897146224975586e-04
9462,4.90000000354484654963016510009766e-04
9463,4.88000000586907844990491867065430e-04
9464,4.91000000693020410835742950439453e-04
9465,4.84999999571300577372312545776367e-04
9466,4.82000000374682713299989700317383e-04
9467,5.43999999536026734858751296997070e-04
9468,5.46000000213098246604204177856445e-04
9469,5.52999999854364432394504547119141e-04
9470,4.99000000672822352498769760131836e-04
9471,4.96999999995750840753316879272461e-04
9472,4.80000000607105903327465057373047e-04
9473,4.84999999571300577372312545776367e-04
9474,4.76000000162457581609487533569336e-04
9475,5.25999999808846041560173034667969e-04
9476,5.47999999980675056576728820800781e-04
9477,5.44999999874562490731477737426758e-04
9478,5.05000000885047484189271926879883e-04
9479,4.93000000460597220808267593383789e-04
9480,4.87000000248372089117765426635742e-04
9481,4.90000000354484654963016510009766e-04
9482,4.87999999677413143217563629150391e-04
9483,4.99999999192368704825639724731445e-04
9484,5.52000000425323378294706344604492e-04
9485,5.58000000637548509985208511352539e-04
9486,5.28999999914958607405424118041992e-04
9487,4.84999999571300577372312545776367e-04
9488,4.82999999803723767399787902832031e-04
9489,4.89000000015948899090290069580078e-04
9490,4.95999999657215084880590438842773e-04
9491,4.94000000799132976680994033813477e-04
9492,5.46000000213098246604204177856445e-04
9493,5.54999999621941242367029190063477e-04
9494,5.49000000319210812449455261230469e-04
9495,4.98999999763327650725841522216797e-04
9496,4.89999999444989953190088272094727e-04
9497,4.96999999995750840753316879272461e-04
9498,4.84999999571300577372312545776367e-04
9499,4.87999999677413143217563629150391e-04
9500,5.22000000273692421615123748779297e-04
9501,5.51000000086787622421979904174805e-04
9502,5.55000000531435944139957427978516e-04
9503,5.12999999955354724079370498657227e-04
9504,5.00999999530904460698366165161133e-04
9505,4.89000000015948899090290069580078e-04
9506,4.87999999677413143217563629150391e-04
9507,4.88000000586907844990491867065430e-04
9508,4.88000000586907844990491867065430e-04
9509,5.52999999854364432394504547119141e-04
9510,5.52999999854364432394504547119141e-04
9511,5.41999999768449924886226654052734e-04
9512,4.89000000015948899090290069580078e-04
9513,4.87000000248372089117765426635742e-04
9514,4.90999999783525709062814712524414e-04
9515,4.87999999677413143217563629150391e-04
9516,4.87999999677413143217563629150391e-04
9517,5.40000000000873114913702011108398e-04
9518,5.54000000192900188267230987548828e-04
9519,5.49000000319210812449455261230469e-04
9520,5.01999999869440216571092605590820e-04
9521,4.89000000015948899090290069580078e-04
9522,4.93000000460597220808267593383789e-04
9523,4.87000000248372089117765426635742e-04
9524,4.89000000015948899090290069580078e-04
9525,5.03000000207975972443819046020508e-04
9526,5.52999999854364432394504547119141e-04
9527,5.52999999854364432394504547119141e-04
9528,5.30000000253494363278150558471680e-04
9529,4.92000000122061464935541152954102e-04
9530,4.81000000036146957427263259887695e-04
9531,4.87999999677413143217563629150391e-04
9532,4.78999999359075445681810379028320e-04
9533,4.91000000693020410835742950439453e-04
9534,5.53999999283405486494302749633789e-04
9535,5.54000000192900188267230987548828e-04
9536,5.49000000319210812449455261230469e-04
9537,4.98000000334286596626043319702148e-04
9538,4.92999999551102519035339355468750e-04
9539,4.93999999889638274908065795898438e-04
9540,4.81000000036146957427263259887695e-04
9541,4.84999999571300577372312545776367e-04
9542,5.30999999682535417377948760986328e-04
9543,5.55000000531435944139957427978516e-04
9544,5.49000000319210812449455261230469e-04
9545,5.03999999637017026543617248535156e-04
9546,4.96999999995750840753316879272461e-04
9547,4.86999999338877387344837188720703e-04
9548,4.93000000460597220808267593383789e-04
9549,4.92999999551102519035339355468750e-04
9550,5.04000000546511728316545486450195e-04
9551,5.51000000086787622421979904174805e-04
9552,5.59000000066589564085006713867188e-04
9553,5.26000000718340743333101272583008e-04
9554,4.95999999657215084880590438842773e-04
9555,4.90999999783525709062814712524414e-04
9556,4.90999999783525709062814712524414e-04
9557,4.85999999909836333245038986206055e-04
9558,4.95000000228174030780792236328125e-04
9559,5.55000000531435944139957427978516e-04
9560,5.55999999960476998239755630493164e-04
9561,5.50999999177292920649051666259766e-04
9562,4.92000000122061464935541152954102e-04
9563,4.95000000228174030780792236328125e-04
9564,4.90000000354484654963016510009766e-04
9565,4.91000000693020410835742950439453e-04
9566,4.89999999444989953190088272094727e-04
9567,5.40000000000873114913702011108398e-04
9568,5.55000000531435944139957427978516e-04
9569,5.55999999960476998239755630493164e-04
9570,5.06000000314088538289070129394531e-04
9571,4.98000000334286596626043319702148e-04
9572,4.93999999889638274908065795898438e-04
9573,4.90999999783525709062814712524414e-04
9574,4.89000000015948899090290069580078e-04
9575,5.01999999869440216571092605590820e-04
9576,5.59000000066589564085006713867188e-04
9577,5.52000000425323378294706344604492e-04
9578,5.33999999788647983223199844360352e-04
9579,4.95999999657215084880590438842773e-04
9580,4.93999999889638274908065795898438e-04
9581,4.93000000460597220808267593383789e-04
9582,4.95999999657215084880590438842773e-04
9583,4.93000000460597220808267593383789e-04
9584,5.54999999621941242367029190063477e-04
9585,5.58999999157094862312078475952148e-04
9586,5.54000000192900188267230987548828e-04
9587,4.87999999677413143217563629150391e-04
9588,4.93000000460597220808267593383789e-04
9589,4.85999999909836333245038986206055e-04
9590,4.92999999551102519035339355468750e-04
9591,4.87000000248372089117765426635742e-04
9592,5.51000000086787622421979904174805e-04
9593,5.56999999389518052339553833007812e-04
9594,5.57000000299012754112482070922852e-04
9595,5.06000000314088538289070129394531e-04
9596,4.96999999995750840753316879272461e-04
9597,4.96999999995750840753316879272461e-04
9598,4.92000000122061464935541152954102e-04
9599,4.95000000228174030780792236328125e-04
9600,5.12000000526313669979572296142578e-04
9601,5.57000000299012754112482070922852e-04
9602,5.62000000172702129930257797241211e-04
9603,5.24000000041269231587648391723633e-04
9604,5.05999999404593836516141891479492e-04
9605,4.95000000228174030780792236328125e-04
9606,4.90000000354484654963016510009766e-04
9607,4.95000000228174030780792236328125e-04
9608,4.84000000142259523272514343261719e-04
9609,5.64000000849773641675710678100586e-04
9610,5.51000000086787622421979904174805e-04
9611,5.52999999854364432394504547119141e-04
9612,4.92000000122061464935541152954102e-04
9613,4.89000000015948899090290069580078e-04
9614,4.98000000334286596626043319702148e-04
9615,4.95000000228174030780792236328125e-04
9616,4.95999999657215084880590438842773e-04
9617,5.51000000086787622421979904174805e-04
9618,5.65000000278814695775508880615234e-04
9619,5.61000000743661075830459594726562e-04
9620,4.97999999424791894853115081787109e-04
9621,4.95999999657215084880590438842773e-04
9622,4.93999999889638274908065795898438e-04
9623,4.93999999889638274908065795898438e-04
9624,4.89999999444989953190088272094727e-04
9625,5.22999999702733475714921951293945e-04
9626,5.68000000384927261620759963989258e-04
9627,5.60999999834166374057531356811523e-04
9628,5.16999999490508344024419784545898e-04
9629,4.96999999995750840753316879272461e-04
9630,4.95999999657215084880590438842773e-04
9631,4.96999999995750840753316879272461e-04
9632,4.96000000566709786653518676757812e-04
9633,4.98999999763327650725841522216797e-04
9634,5.56999999389518052339553833007812e-04
9635,5.55000000531435944139957427978516e-04
9636,5.41999999768449924886226654052734e-04
9637,5.00000000101863406598567962646484e-04
9638,4.96999999995750840753316879272461e-04
9639,4.90000000354484654963016510009766e-04
9640,4.95000000228174030780792236328125e-04
9641,4.96999999995750840753316879272461e-04
9642,5.63000000511237885802984237670898e-04
9643,5.67000000046391505748033523559570e-04
9644,5.57000000299012754112482070922852e-04
9645,4.95000000228174030780792236328125e-04
9646,4.96999999995750840753316879272461e-04
9647,4.89000000015948899090290069580078e-04
9648,4.93999999889638274908065795898438e-04
9649,5.00000000101863406598567962646484e-04
9650,5.43000000106985680758953094482422e-04
9651,5.60999999834166374057531356811523e-04
9652,5.63000000511237885802984237670898e-04
9653,5.17999999829044099897146224975586e-04
9654,5.00999999530904460698366165161133e-04
9655,5.00000000101863406598567962646484e-04
9656,5.03000000207975972443819046020508e-04
9657,4.94999999318679329007863998413086e-04
9658,5.38000000233296304941177368164062e-04
9659,5.53999999283405486494302749633789e-04
9660,5.66000000617350451648235321044922e-04
9661,5.07000000652624294161796569824219e-04
9662,4.98000000334286596626043319702148e-04
9663,4.97999999424791894853115081787109e-04
9664,5.00999999530904460698366165161133e-04
9665,4.92000000122061464935541152954102e-04
9666,5.06999999743129592388868331909180e-04
9667,5.68999999813968315720558166503906e-04
9668,5.63999999940278939902782440185547e-04
9669,5.32000000021071173250675201416016e-04
9670,5.00999999530904460698366165161133e-04
9671,5.00000000101863406598567962646484e-04
9672,5.02000000778934918344020843505859e-04
9673,4.93999999889638274908065795898438e-04
9674,4.91999999212566763162612915039062e-04
9675,5.59000000066589564085006713867188e-04
9676,5.60000000405125319957733154296875e-04
9677,5.51999999515828676521778106689453e-04
9678,4.98999999763327650725841522216797e-04
9679,4.98000000334286596626043319702148e-04
9680,4.95999999657215084880590438842773e-04
9681,5.01999999869440216571092605590820e-04
9682,4.95999999657215084880590438842773e-04
9683,5.52999999854364432394504547119141e-04
9684,5.63999999940278939902782440185547e-04
9685,5.60000000405125319957733154296875e-04
9686,5.00999999530904460698366165161133e-04
9687,4.95999999657215084880590438842773e-04
9688,4.94999999318679329007863998413086e-04
9689,4.92999999551102519035339355468750e-04
9690,4.95999999657215084880590438842773e-04
9691,5.46000000213098246604204177856445e-04
9692,5.59000000066589564085006713867188e-04
9693,5.67000000046391505748033523559570e-04
9694,5.09999999849242158234119415283203e-04
9695,4.98000000334286596626043319702148e-04
9696,5.02000000778934918344020843505859e-04
9697,5.03999999637017026543617248535156e-04
9698,5.03999999637017026543617248535156e-04
9699,5.23000000612228177487850189208984e-04
9700,5.67000000046391505748033523559570e-04
9701,5.63999999940278939902782440185547e-04
9702,5.18999999258085153996944427490234e-04
9703,4.97999999424791894853115081787109e-04
9704,4.96000000566709786653518676757812e-04
9705,5.06000000314088538289070129394531e-04
9706,4.92000000122061464935541152954102e-04
9707,5.15000000632426235824823379516602e-04
9708,5.61999999263207428157329559326172e-04
9709,5.69999999243009369820356369018555e-04
9710,5.36999999894760549068450927734375e-04
9711,4.98000000334286596626043319702148e-04
9712,4.93999999889638274908065795898438e-04
9713,4.95999999657215084880590438842773e-04
9714,4.95000000228174030780792236328125e-04
9715,4.97999999424791894853115081787109e-04
9716,5.72999999349121935665607452392578e-04
9717,5.62000000172702129930257797241211e-04
9718,5.57999999728053808212280273437500e-04
9719,5.08999999510706402361392974853516e-04
9720,4.98999999763327650725841522216797e-04
9721,5.03000000207975972443819046020508e-04
9722,5.01999999869440216571092605590820e-04
9723,5.01999999869440216571092605590820e-04
9724,5.61000000743661075830459594726562e-04
9725,5.61999999263207428157329559326172e-04
9726,5.62999999601743184030055999755859e-04
9727,5.11999999616818968206644058227539e-04
9728,5.03999999637017026543617248535156e-04
9729,5.01999999869440216571092605590820e-04
9730,5.02999999298481270670890808105469e-04
9731,5.03000000207975972443819046020508e-04
9732,5.49999999748251866549253463745117e-04
9733,5.68000000384927261620759963989258e-04
9734,5.65999999707855749875307083129883e-04
9735,5.09000000420201104134321212768555e-04
9736,5.03999999637017026543617248535156e-04
9737,4.95999999657215084880590438842773e-04
9738,4.98000000334286596626043319702148e-04
9739,4.93999999889638274908065795898438e-04
9740,5.22000000273692421615123748779297e-04
9741,5.73000000258616637438535690307617e-04
9742,5.70000000152504071593284606933594e-04
9743,5.19000000167579855769872665405273e-04
9744,4.96999999995750840753316879272461e-04
9745,5.04999999975552782416343688964844e-04
9746,5.04999999975552782416343688964844e-04
9747,4.95000000228174030780792236328125e-04
9748,5.12999999955354724079370498657227e-04
9749,5.70000000152504071593284606933594e-04
9750,5.67000000046391505748033523559570e-04
9751,5.47999999980675056576728820800781e-04
9752,5.01999999869440216571092605590820e-04
9753,5.00000000101863406598567962646484e-04
9754,5.00999999530904460698366165161133e-04
9755,4.92999999551102519035339355468750e-04
9756,5.02000000778934918344020843505859e-04
9757,5.67999999475432559847831726074219e-04
9758,5.68999999813968315720558166503906e-04
9759,5.55999999960476998239755630493164e-04
9760,5.12999999955354724079370498657227e-04
9761,5.04999999975552782416343688964844e-04
9762,4.93999999889638274908065795898438e-04
9763,5.01999999869440216571092605590820e-04
9764,5.07000000652624294161796569824219e-04
9765,5.65999999707855749875307083129883e-04
9766,5.73000000258616637438535690307617e-04
9767,5.60999999834166374057531356811523e-04
9768,5.09999999849242158234119415283203e-04
9769,4.92999999551102519035339355468750e-04
9770,4.96000000566709786653518676757812e-04
9771,5.05999999404593836516141891479492e-04
9772,5.04999999975552782416343688964844e-04
9773,5.57000000299012754112482070922852e-04
9774,5.76999999793770257383584976196289e-04
9775,5.85000000683066900819540023803711e-04
9776,5.19000000167579855769872665405273e-04
9777,5.06000000314088538289070129394531e-04
9778,5.00999999530904460698366165161133e-04
9779,4.97999999424791894853115081787109e-04
9780,5.00000000101863406598567962646484e-04
9781,5.41999999768449924886226654052734e-04
9782,5.70999999581545125693082809448242e-04
9783,5.67999999475432559847831726074219e-04
9784,5.17000000400003045797348022460938e-04
9785,5.03000000207975972443819046020508e-04
9786,5.06000000314088538289070129394531e-04
9787,4.98999999763327650725841522216797e-04
9788,5.08000000081665348261594772338867e-04
9789,5.31000000592030119150876998901367e-04
9790,5.73999999687657691538333892822266e-04
9791,5.72999999349121935665607452392578e-04
9792,5.22999999702733475714921951293945e-04
9793,5.09999999849242158234119415283203e-04
9794,5.06000000314088538289070129394531e-04
9795,4.98999999763327650725841522216797e-04
9796,5.04999999975552782416343688964844e-04
9797,5.13000000864849425852298736572266e-04
9798,5.70000000152504071593284606933594e-04
9799,5.69000000723463017493486404418945e-04
9800,5.30999999682535417377948760986328e-04
9801,5.06000000314088538289070129394531e-04
9802,4.93000000460597220808267593383789e-04
9803,5.11999999616818968206644058227539e-04
9804,5.04000000546511728316545486450195e-04
9805,5.10000000758736860007047653198242e-04
9806,5.70000000152504071593284606933594e-04
9807,5.75000000026193447411060333251953e-04
9808,5.49000000319210812449455261230469e-04
9809,5.16000000061467289924621582031250e-04
9810,5.03999999637017026543617248535156e-04
9811,5.07000000652624294161796569824219e-04
9812,5.04000000546511728316545486450195e-04
9813,5.04999999975552782416343688964844e-04
9814,5.73999999687657691538333892822266e-04
9815,5.70999999581545125693082809448242e-04
9816,5.54999999621941242367029190063477e-04
9817,5.13999999384395778179168701171875e-04
9818,5.06000000314088538289070129394531e-04
9819,4.96000000566709786653518676757812e-04
9820,5.05999999404593836516141891479492e-04
9821,5.04000000546511728316545486450195e-04
9822,5.76999999793770257383584976196289e-04
9823,5.75000000026193447411060333251953e-04
9824,5.65000000278814695775508880615234e-04
9825,5.02999999298481270670890808105469e-04
9826,5.04999999975552782416343688964844e-04
9827,4.98999999763327650725841522216797e-04
9828,5.02000000778934918344020843505859e-04
9829,5.03000000207975972443819046020508e-04
9830,5.73999999687657691538333892822266e-04
9831,5.65000000278814695775508880615234e-04
9832,5.68999999813968315720558166503906e-04
9833,5.17000000400003045797348022460938e-04
9834,5.09000000420201104134321212768555e-04
9835,4.98999999763327650725841522216797e-04
9836,5.06000000314088538289070129394531e-04
9837,5.03000000207975972443819046020508e-04
9838,5.67000000046391505748033523559570e-04
9839,5.73000000258616637438535690307617e-04
9840,5.74000000597152393311262130737305e-04
9841,5.16000000061467289924621582031250e-04
9842,5.06000000314088538289070129394531e-04
9843,5.11000000187777914106845855712891e-04
9844,5.09999999849242158234119415283203e-04
9845,5.14000000293890479952096939086914e-04
9846,5.70000000152504071593284606933594e-04
9847,5.78000000132306013256311416625977e-04
9848,5.70000000152504071593284606933594e-04
9849,5.14999999722931534051895141601562e-04
9850,5.11000000187777914106845855712891e-04
9851,4.99000000672822352498769760131836e-04
9852,5.08000000081665348261594772338867e-04
9853,5.11999999616818968206644058227539e-04
9854,5.62999999601743184030055999755859e-04
9855,5.78999999561347067356109619140625e-04
9856,5.76000000364729203283786773681641e-04
9857,5.24000000041269231587648391723633e-04
9858,5.04999999975552782416343688964844e-04
9859,5.03999999637017026543617248535156e-04
9860,5.01999999869440216571092605590820e-04
9861,5.08999999510706402361392974853516e-04
9862,5.36999999894760549068450927734375e-04
9863,5.80999999328923877328634262084961e-04
9864,5.75000000026193447411060333251953e-04
9865,5.18999999258085153996944427490234e-04
9866,5.09000000420201104134321212768555e-04
9867,5.06000000314088538289070129394531e-04
9868,5.07000000652624294161796569824219e-04
9869,5.08000000081665348261594772338867e-04
9870,5.30000000253494363278150558471680e-04
9871,5.76000000364729203283786773681641e-04
9872,5.70999999581545125693082809448242e-04
9873,5.27000000147381797432899475097656e-04
9874,5.04999999975552782416343688964844e-04
9875,5.11999999616818968206644058227539e-04
9876,5.01999999869440216571092605590820e-04
9877,5.08999999510706402361392974853516e-04
9878,5.27000000147381797432899475097656e-04
9879,5.78000000132306013256311416625977e-04
9880,5.81000000238418579101562500000000e-04
9881,5.36999999894760549068450927734375e-04
9882,5.07000000652624294161796569824219e-04
9883,5.11000000187777914106845855712891e-04
9884,5.12999999955354724079370498657227e-04
9885,5.04000000546511728316545486450195e-04
9886,5.30999999682535417377948760986328e-04
9887,5.71999999920080881565809249877930e-04
9888,5.87000000450643710792064666748047e-04
9889,5.38000000233296304941177368164062e-04
9890,5.09999999849242158234119415283203e-04
9891,5.05999999404593836516141891479492e-04
9892,5.05999999404593836516141891479492e-04
9893,5.11999999616818968206644058227539e-04
9894,5.12999999955354724079370498657227e-04
9895,5.73999999687657691538333892822266e-04
9896,5.84999999773572199046611785888672e-04
9897,5.42999999197490978986024856567383e-04
9898,5.00999999530904460698366165161133e-04
9899,5.06000000314088538289070129394531e-04
9900,5.06999999743129592388868331909180e-04
9901,5.09000000420201104134321212768555e-04
9902,5.06999999743129592388868331909180e-04
9903,5.73999999687657691538333892822266e-04
9904,5.71000000491039827466011047363281e-04
9905,5.49999999748251866549253463745117e-04
9906,5.14000000293890479952096939086914e-04
9907,5.09999999849242158234119415283203e-04
9908,5.09999999849242158234119415283203e-04
9909,5.15000000632426235824823379516602e-04
9910,5.11999999616818968206644058227539e-04
9911,5.83000000005995389074087142944336e-04
9912,5.83999999435036443173885345458984e-04
9913,5.52999999854364432394504547119141e-04
9914,5.19999999596620909869670867919922e-04
9915,5.06000000314088538289070129394531e-04
9916,5.14000000293890479952096939086914e-04
9917,5.08999999510706402361392974853516e-04
9918,5.13999999384395778179168701171875e-04
9919,5.76999999793770257383584976196289e-04
9920,5.75999999455234501510858535766602e-04
9921,5.49999999748251866549253463745117e-04
9922,5.16999999490508344024419784545898e-04
9923,5.04999999975552782416343688964844e-04
9924,5.11999999616818968206644058227539e-04
9925,5.07000000652624294161796569824219e-04
9926,5.09000000420201104134321212768555e-04
9927,5.81000000238418579101562500000000e-04
9928,5.89000000218220520764589309692383e-04
9929,5.62000000172702129930257797241211e-04
9930,5.09999999849242158234119415283203e-04
9931,5.12999999955354724079370498657227e-04
9932,5.10999999278283212333917617797852e-04
9933,5.06999999743129592388868331909180e-04
9934,5.04999999975552782416343688964844e-04
9935,5.78000000132306013256311416625977e-04
9936,5.84999999773572199046611785888672e-04
9937,5.63000000511237885802984237670898e-04
9938,5.17000000400003045797348022460938e-04
9939,5.12000000526313669979572296142578e-04
9940,5.09999999849242158234119415283203e-04
9941,5.10999999278283212333917617797852e-04
9942,5.12999999955354724079370498657227e-04
9943,5.76000000364729203283786773681641e-04
9944,5.84999999773572199046611785888672e-04
9945,5.67000000046391505748033523559570e-04
9946,5.22999999702733475714921951293945e-04
9947,5.10999999278283212333917617797852e-04
9948,5.04999999975552782416343688964844e-04
9949,5.14000000293890479952096939086914e-04
9950,5.14000000293890479952096939086914e-04
9951,5.78999999561347067356109619140625e-04
9952,5.84999999773572199046611785888672e-04
9953,5.71999999920080881565809249877930e-04
9954,5.19000000167579855769872665405273e-04
9955,5.09999999849242158234119415283203e-04
9956,5.09999999849242158234119415283203e-04
9957,5.14000000293890479952096939086914e-04
9958,4.98999999763327650725841522216797e-04
9959,5.75000000026193447411060333251953e-04
9960,5.78999999561347067356109619140625e-04
9961,5.75000000026193447411060333251953e-04
9962,5.06999999743129592388868331909180e-04
9963,5.12000000526313669979572296142578e-04
9964,5.13999999384395778179168701171875e-04
9965,5.14999999722931534051895141601562e-04
9966,5.11999999616818968206644058227539e-04
9967,5.81999999667459633201360702514648e-04
9968,5.77999999222811311483383178710938e-04
9969,5.78000000132306013256311416625977e-04
9970,5.12999999955354724079370498657227e-04
9971,5.12000000526313669979572296142578e-04
9972,5.20999999935156665742397308349609e-04
9973,5.15000000632426235824823379516602e-04
9974,5.10000000758736860007047653198242e-04
9975,5.78000000132306013256311416625977e-04
9976,5.86000000112107954919338226318359e-04
9977,5.69999999243009369820356369018555e-04
9978,5.17000000400003045797348022460938e-04
9979,5.12999999955354724079370498657227e-04
9980,5.09999999849242158234119415283203e-04
9981,5.12999999955354724079370498657227e-04
9982,5.17999999829044099897146224975586e-04
9983,5.81000000238418579101562500000000e-04
9984,5.82000000576954334974288940429688e-04
9985,5.72999999349121935665607452392578e-04
9986,5.19999999596620909869670867919922e-04
9987,5.15000000632426235824823379516602e-04
9988,5.16000000061467289924621582031250e-04
9989,5.14000000293890479952096939086914e-04
9990,5.19000000167579855769872665405273e-04
9991,5.90000000556756276637315750122070e-04
9992,5.79999999899882823228836059570312e-04
9993,5.79999999899882823228836059570312e-04
9994,5.22999999702733475714921951293945e-04
9995,5.12999999955354724079370498657227e-04
9996,5.14000000293890479952096939086914e-04
9997,5.06000000314088538289070129394531e-04
9998,5.11999999616818968206644058227539e-04
9999,5.74999999116698745638132095336914e-04
10000,5.76999999793770257383584976196289e-04
10100,5.75000000026193447411060333251953e-04
10200,5.32000000021071173250675201416016e-04
10300,5.26999999237887095659971237182617e-04
10400,5.36000000465719494968652725219727e-04
10500,5.39000000571832060813903808593750e-04
10600,5.54000000192900188267230987548828e-04
10700,6.27999999778694473206996917724609e-04
10800,6.27999999778694473206996917724609e-04
10900,5.76999999793770257383584976196289e-04
11000,5.75000000026193447411060333251953e-04
11100,5.78000000132306013256311416625977e-04
11200,5.79999999899882823228836059570312e-04
11300,5.86000000112107954919338226318359e-04
11400,6.70000000354775693267583847045898e-04
11500,6.70999999783816747367382049560547e-04
11600,6.25000000582076609134674072265625e-04
11700,6.11000000390049535781145095825195e-04
11800,6.16999999692779965698719024658203e-04
11900,6.14000000496162101626396179199219e-04
12000,6.28000000688189174979925155639648e-04
12100,7.05999999809137079864740371704102e-04
12200,7.15999999556515831500291824340820e-04
12300,6.51000000289059244096279144287109e-04
12400,6.45000000076834112405776977539062e-04
12500,6.46999999844410922378301620483398e-04
12600,6.54000000395171809941530227661133e-04
12700,7.39000000066880602389574050903320e-04
12800,7.56999999794061295688152313232422e-04
12900,6.83000000208267010748386383056641e-04
13000,6.81999999869731254875659942626953e-04
13100,6.71999999212857801467180252075195e-04
13200,6.89000000420492142438888549804688e-04
13300,7.70999999986088369041681289672852e-04
13400,7.78999999965890310704708099365234e-04
13500,7.31000000087078660726547241210938e-04
13600,7.03000000612519215792417526245117e-04
13700,7.13000000359897967427968978881836e-04
13800,7.21999999768740963190793991088867e-04
13900,8.18000000435858964920043945312500e-04
14000,8.18000000435858964920043945312500e-04
14100,7.46000000617641489952802658081055e-04
14200,7.45000000279105734080076217651367e-04
14300,7.45999999708146788179874420166016e-04
14400,7.69000000218511559069156646728516e-04
14500,8.52999999551684595644474029541016e-04
14600,8.27000000754196662455797195434570e-04
14700,7.68000000789470504969358444213867e-04
14800,7.80999999733467120677232742309570e-04
14900,7.82000000072002876549959182739258e-04
15000,8.74000000294472556561231613159180e-04
15100,8.80000000506697688251733779907227e-04
15200,7.94999999925494194030761718750000e-04
15300,8.07999999778985511511564254760742e-04
15400,8.11999999314139131456613540649414e-04
15500,8.99000000572414137423038482666016e-04
15600,9.09000000319792889058589935302734e-04
15700,8.44999999571882653981447219848633e-04
15800,8.36000000163039658218622207641602e-04
15900,8.37000000501575414091348648071289e-04
16000,9.20999999834748450666666030883789e-04
16100,9.44000000345113221555948257446289e-04
16200,8.55999999657797161489725112915039e-04
16300,8.58000000334868673235177993774414e-04
16400,8.69000000420783180743455886840820e-04
16500,9.68999999713560100644826889038086e-04
16600,9.70000000052095856517553329467773e-04
16700,8.78999999258667230606079101562500e-04
16800,8.88000000486499629914760589599609e-04
16900,8.80999999935738742351531982421875e-04
17000,9.98999999865191057324409484863281e-04
17100,9.46000000112690031528472900390625e-04
17200,9.03000000107567757368087768554688e-04
17300,9.07000000552216079086065292358398e-04
17400,9.74999999925785232335329055786133e-04
17500,1.02499999957217369228601455688477e-03
17600,9.23999999940861016511917114257812e-04
17700,9.19000000067171640694141387939453e-04
17800,9.43999999435618519783020019531250e-04
17900,1.05100000018865102902054786682129e-03
18000,1.00800000018352875486016273498535e-03
18100,9.55000000431027729064226150512695e-04
18200,9.49999999647843651473522186279297e-04
18300,1.03899999976420076563954353332520e-03
18400,1.08000000000174622982740402221680e-03
18500,9.68000000284519046545028686523438e-04
18600,9.81999999567051418125629425048828e-04
18700,1.01599999925383599475026130676270e-03
18800,1.10800000038580037653446197509766e-03
18900,1.01200000062817707657814025878906e-03
19000,1.00599999950645724311470985412598e-03
19100,1.01999999969848431646823883056641e-03
19200,1.13200000032520620152354240417480e-03
19300,1.03600000056758290156722068786621e-03
19400,1.01100000028964132070541381835938e-03
19500,1.02700000024924520403146743774414e-03
19600,1.15600000026461202651262283325195e-03
19700,1.05499999972380464896559715270996e-03
19800,1.04800000008253846317529678344727e-03
19900,1.03599999965808819979429244995117e-03
20000,1.17500000033032847568392753601074e-03
20100,1.07200000002194428816437721252441e-03
20200,1.07000000025436747819185256958008e-03
20300,1.06600000071921385824680328369141e-03
20400,1.20799999967857729643583297729492e-03
20500,1.09599999996135011315345764160156e-03
20600,1.07899999966321047395467758178711e-03
20700,1.11000000015337718650698661804199e-03
20800,1.23399999938555993139743804931641e-03
20900,1.11199999992095399647951126098633e-03
21000,1.09900000006746267899870872497559e-03
21100,1.20000000060827005654573440551758e-03
21200,1.25800000023446045815944671630859e-03
21300,1.12600000011298106983304023742676e-03
21400,1.12300000000686850398778915405273e-03
21500,1.28300000051240203902125358581543e-03
21600,1.18800000018381979316473007202148e-03
21700,1.16100000013830140233039855957031e-03
21800,1.15899999946122989058494567871094e-03
21900,1.29299999935028608888387680053711e-03
22000,1.17899999986548209562897682189941e-03
22100,1.16400000024441396817564964294434e-03
22200,1.28499999937048414722084999084473e-03
22300,1.27100000008795177564024925231934e-03
22400,1.16900000011810334399342536926270e-03
22500,1.20100000003731111064553260803223e-03
22600,1.32200000007287599146366119384766e-03
22700,1.20300000071438262239098548889160e-03
22800,1.21100000069418456405401229858398e-03
22900,1.31199999941600253805518150329590e-03
23000,1.29800000013347016647458076477051e-03
23100,1.23200000052747782319784164428711e-03
23200,1.24400000004243338480591773986816e-03
23300,1.37300000005780020728707313537598e-03
23400,1.26199999976961407810449600219727e-03
23500,1.25500000012834789231419563293457e-03
23600,1.39800000033574178814888000488281e-03
23700,1.27900000006775371730327606201172e-03
23800,1.25500000012834789231419563293457e-03
23900,1.34700000035081757232546806335449e-03
24000,1.38000000060856109485030174255371e-03
24100,1.29099999958270927891135215759277e-03
24200,1.30499999977473635226488113403320e-03
24300,1.43500000012863893061876296997070e-03
24400,1.30600000011327210813760757446289e-03
24500,1.30300000000715954229235649108887e-03
24600,1.47600000036618439480662345886230e-03
24700,1.32399999984045280143618583679199e-03
24800,1.32200000007287599146366119384766e-03
24900,1.50099999973463127389550209045410e-03
25000,1.33900000037101563066244125366211e-03
25100,1.32799999937560642138123512268066e-03
25200,1.48300000000745058059692382812500e-03
25300,1.39600000056816497817635536193848e-03
25400,1.35300000056304270401597023010254e-03
25500,1.44499999987601768225431442260742e-03
25600,1.42200000027514761313796043395996e-03
25700,1.34600000001228181645274162292480e-03
25800,1.44000000000232830643653869628906e-03
25900,1.49199999941629357635974884033203e-03
26000,1.38999999944644514471292495727539e-03
26100,1.44799999998213024809956550598145e-03
26200,1.49499999952240614220499992370605e-03
26300,1.39399999989109346643090248107910e-03
26400,1.46400000085122883319854736328125e-03
26500,1.52799999978014966472983360290527e-03
26600,1.41500000063388142734766006469727e-03
26700,1.48499999977502739056944847106934e-03
26800,1.52799999978014966472983360290527e-03
26900,1.43000000025494955480098724365234e-03
27000,1.53899999986606417223811149597168e-03
27100,1.51500000083615304902195930480957e-03
27200,1.44400000044697662815451622009277e-03
27300,1.58100000044214539229869842529297e-03
27400,1.50200000007316702976822853088379e-03
27500,1.46700000004784669727087020874023e-03
27600,1.64000000040687154978513717651367e-03
27700,1.48199999966891482472419738769531e-03
27800,1.47699999979522544890642166137695e-03
27900,1.66399999943678267300128936767578e-03
28000,1.51199999982054578140377998352051e-03
28100,1.48499999977502739056944847106934e-03
28200,1.67499999952269718050956726074219e-03
28300,1.51600000026519410312175750732422e-03
28400,1.55900000027031637728214263916016e-03
28500,1.65600000036647543311119079589844e-03
28600,1.52900000011868542060256004333496e-03
28700,1.66199999966920586302876472473145e-03
28800,1.59200000052805989980697631835938e-03
28900,1.55099999938101973384618759155273e-03
29000,1.72300000031100353226065635681152e-03
29100,1.56699999934062361717224121093750e-03
29200,1.56000000060885213315486907958984e-03
29300,1.74100000003818422555923461914062e-03
29400,1.57599999965896131470799446105957e-03
29500,1.66999999964900780469179153442383e-03
29600,1.65900000047258799895644187927246e-03
29700,1.59499999972467776387929916381836e-03
29800,1.77399999938643304631114006042480e-03
29900,1.61000000025524059310555458068848e-03
30000,1.61799999932554783299565315246582e-03
30100,1.76699999974516686052083969116211e-03
30200,1.63499999962368747219443321228027e-03
30300,1.76199999987147748470306396484375e-03
30400,1.64599999970960197970271110534668e-03
30500,1.62900000032095704227685928344727e-03
30600,1.84699999954318627715110778808594e-03
30700,1.64399999994202516973018646240234e-03
30800,1.73799999993207165971398353576660e-03
30900,1.75399999989167554304003715515137e-03
31000,1.66799999988143099471926689147949e-03
31100,1.88100000013946555554866790771484e-03
31200,1.67400000009365612640976905822754e-03
31300,1.77299999995739199221134185791016e-03
31400,1.76800000008370261639356613159180e-03
31500,1.70999999954801751300692558288574e-03
31600,1.90299999940179986879229545593262e-03
31700,1.69999999980063876137137413024902e-03
31800,1.78700000014941906556487083435059e-03
31900,1.76100000044243643060326576232910e-03
32000,1.69900000037159770727157592773438e-03
32100,1.91799999993236269801855087280273e-03
32200,1.75399999989167554304003715515137e-03
32300,1.87000000005355104804039001464844e-03
32400,1.76399999963905429467558860778809e-03
32500,1.75600000056874705478549003601074e-03
32600,1.91100000029109651222825050354004e-03
32700,1.77199999961885623633861541748047e-03
32800,1.93899999976565595716238021850586e-03
32900,1.77700000040204031392931938171387e-03
33000,1.83100000049307709559798240661621e-03
33100,1.85400000009394716471433639526367e-03
33200,1.78099999993719393387436866760254e-03
33300,1.98599999930593185126781463623047e-03
33400,1.79200000002310844138264656066895e-03
33500,1.93899999976565595716238021850586e-03
33600,1.82300000051327515393495559692383e-03
33700,1.83299999935115920379757881164551e-03
33800,1.94399999963934533298015594482422e-03
33900,1.82299999960378045216202735900879e-03
34000,2.03000000055908458307385444641113e-03
34100,1.83699999979580752551555633544922e-03
34200,2.00799999947776086628437042236328e-03
34300,1.84600000011414522305130958557129e-03
34400,1.92000000060943420976400375366211e-03
34500,1.93000000035681296139955520629883e-03
34600,1.87300000015966361388564109802246e-03
34700,2.02700000045297201722860336303711e-03
34800,1.86500000017986167222261428833008e-03
34900,2.08300000031158560886979103088379e-03
35000,1.88600000001315493136644363403320e-03
35100,2.01999999990221112966537475585938e-03
35200,1.90900000052351970225572586059570e-03
35300,1.94299999930080957710742950439453e-03
35400,1.97500000012951204553246498107910e-03
35500,1.90999999995256075635552406311035e-03
35600,2.07199999931617639958858489990234e-03
35700,1.93600000056903809309005737304688e-03
35800,2.15500000012980308383703231811523e-03
35900,1.95400000029621878638863563537598e-03
36000,2.15500000012980308383703231811523e-03
36100,1.95699999949283665046095848083496e-03
36200,2.09799999993265373632311820983887e-03
36300,1.97800000023562461137771606445312e-03
36400,2.05199999982141889631748199462891e-03
36500,1.98100000034173717722296714782715e-03
36600,1.98699999964446760714054107666016e-03
36700,2.06499999967491021379828453063965e-03
36800,1.99400000019522849470376968383789e-03
36900,2.12999999985186150297522544860840e-03
37000,1.97400000070047099143266677856445e-03
37100,2.19699999979638960212469100952148e-03
37200,2.01800000013463431969285011291504e-03
37300,2.24400000024616019800305366516113e-03
37400,2.00900000072579132393002510070801e-03
37500,2.25500000033207470551133155822754e-03
37600,2.02700000045297201722860336303711e-03
37700,2.26600000041798921301960945129395e-03
37800,2.03799999962939182296395301818848e-03
37900,2.22200000007433118298649787902832e-03
38000,2.03899999996792757883667945861816e-03
38100,2.19799999922543065622448921203613e-03
38200,2.06799999978102277964353561401367e-03
38300,2.19800000013492535799741744995117e-03
38400,2.09600000016507692635059356689453e-03
38500,2.20700000045326305553317070007324e-03
38600,2.08900000052381074056029319763184e-03
38700,2.18900000072608236223459243774414e-03
38800,2.10799999968003248795866966247559e-03
38900,2.20600000011472729966044425964355e-03
39000,2.10100000003876630216836929321289e-03
39100,2.20900000022083986550569534301758e-03
39200,2.14200000027631176635622978210449e-03
39300,2.20099999933154322206974029541016e-03
39400,2.14599999981146538630127906799316e-03
39500,2.21099999998841667547821998596191e-03
39600,2.16100000034202821552753448486328e-03
39700,2.23399999958928674459457397460938e-03
39800,2.16199999977106926962733268737793e-03
39900,2.25700000009965151548385620117188e-03
40000,2.14400000004388857632875442504883e-03
40100,2.29099999978643609210848808288574e-03
40200,2.18200000017532147467136383056641e-03
40300,2.30000000010477378964424133300781e-03
40400,2.16600000021571759134531021118164e-03
40500,2.35299999985727481544017791748047e-03
40600,2.19800000013492535799741744995117e-03
40700,2.38400000034744152799248695373535e-03
40800,2.23199999982170993462204933166504e-03
40900,2.44900000052439281716942787170410e-03
41000,2.23199999982170993462204933166504e-03
41100,2.45999999970081262290477752685547e-03
41200,2.21300000066548818722367286682129e-03
41300,2.44999999995343387126922607421875e-03
41400,2.23100000039266888052225112915039e-03
41500,2.43000000045867636799812316894531e-03
41600,2.26100000054429983720183372497559e-03
41700,2.37500000002910383045673370361328e-03
41800,2.27799999993294477462768554687500e-03
41900,2.42299999990791548043489456176758e-03
42000,2.31799999983195448294281959533691e-03
42100,2.29800000033719697967171669006348e-03
42200,2.41899999946326715871691703796387e-03
42300,2.29699999999866122379899024963379e-03
42400,2.49199999962002038955688476562500e-03
42500,2.32700000015029218047857284545898e-03
42600,2.56999999965046299621462821960449e-03
42700,2.32499999947322066873311996459961e-03
42800,2.51200000002427259460091590881348e-03
42900,2.33000000025640474632382392883301e-03
43000,2.44699999984732130542397499084473e-03
43100,2.39200000032724346965551376342773e-03
43200,2.34000000000378349795937538146973e-03
43300,2.50200000027689384296536445617676e-03
43400,2.34900000032212119549512863159180e-03
43500,2.59499999992840457707643508911133e-03
43600,2.34200000068085500970482826232910e-03
43700,2.60900000012043165042996406555176e-03
43800,2.36899999981687869876623153686523e-03
43900,2.51499999922089045867323875427246e-03
44000,2.41899999946326715871691703796387e-03
44100,2.43499999942287104204297065734863e-03
44200,2.56600000011530937626957893371582e-03
44300,2.41499999992811353877186775207520e-03
44400,2.68500000038329744711518287658691e-03
44500,2.41699999969569034874439239501953e-03
44600,2.59800000003451714292168617248535e-03
44700,2.44599999950878554955124855041504e-03
44800,2.50099999993835808709263801574707e-03
44900,2.58799999937764368951320648193359e-03
45000,2.45200000063050538301467895507812e-03
45100,2.71299999985785689204931259155273e-03
45200,2.46599999991303775459527969360352e-03
45300,2.60299999990820651873946189880371e-03
45400,2.53799999973125522956252098083496e-03
45500,2.47699999999895226210355758666992e-03
45600,2.67299999995884718373417854309082e-03
45700,2.47600000056991120800375938415527e-03
45800,2.70999999975174432620406150817871e-03
45900,2.49899999926128657534718513488770e-03
46000,2.57599999986268812790513038635254e-03
46100,2.66999999985273461788892745971680e-03
46200,2.51500000013038516044616699218750e-03
46300,2.80800000018643913790583610534668e-03
46400,2.54000000040832674130797386169434e-03
46500,2.65300000046408968046307563781738e-03
46600,2.65200000012555392459034919738770e-03
46700,2.52499999987776391208171844482422e-03
46800,2.80800000018643913790583610534668e-03
46900,2.53199999951903009787201881408691e-03
47000,2.70399999953951919451355934143066e-03
47100,2.66600000031758099794387817382812e-03
47200,2.58900000062567414715886116027832e-03
47300,2.83300000046438071876764297485352e-03
47400,2.55800000013550743460655212402344e-03
47500,2.68400000004476169124245643615723e-03
47600,2.72099999983765883371233940124512e-03
47700,2.63600000016595004126429557800293e-03
47800,2.84300000021175947040319442749023e-03
47900,2.59499999992840457707643508911133e-03
48000,2.70499999987805495038628578186035e-03
48100,2.78800000069168163463473320007324e-03
48200,2.65000000035797711461782455444336e-03
48300,2.82200000037846621125936508178711e-03
48400,2.67199999962031142786145210266113e-03
48500,2.62999999995372490957379341125488e-03
48600,2.90599999971163924783468246459961e-03
48700,2.65300000046408968046307563781738e-03
48800,2.77700000060576712712645530700684e-03
48900,2.79899999986810144037008285522461e-03
49000,2.67299999995884718373417854309082e-03
49100,2.91699999979755375534296035766602e-03
49200,2.70900000032270327210426330566406e-03
49300,2.69399999979214044287800788879395e-03
49400,2.95199999982287408784031867980957e-03
49500,2.70699999964563176035881042480469e-03
49600,2.79899999986810144037008285522461e-03
49700,2.89899999916087836027145385742188e-03
49800,2.67899999926157761365175247192383e-03
49900,2.91399999969144118949770927429199e-03
50000,2.79700000010052463039755821228027e-03
50100,2.76100000064616324380040168762207e-03
50200,2.96900000012101372703909873962402e-03
50300,2.81599999925674637779593467712402e-03
50400,2.74799999988317722454667091369629e-03
50500,3.04000000051019014790654182434082e-03
50600,2.77199999982258304953575134277344e-03
50700,2.80699999984790338203310966491699e-03
50800,3.07899999916116939857602119445801e-03
50900,2.78499999967607436701655387878418e-03
51000,2.82900000001973239704966545104980e-03
51100,3.03400000029796501621603965759277e-03
51200,2.81300000006012851372361183166504e-03
51300,2.88000000000465661287307739257812e-03
51400,2.98899999961577123031020164489746e-03
51500,2.81199999972159275785088539123535e-03
51600,2.96900000012101372703909873962402e-03
51700,3.04400000004534376785159111022949e-03
51800,2.78699999944365117698907852172852e-03
51900,2.95600000026752240955829620361328e-03
52000,3.06299999920156551524996757507324e-03
52100,2.84499999997933628037571907043457e-03
52200,2.98899999961577123031020164489746e-03
52300,3.03499999972700607031583786010742e-03
52400,2.87700000080803874880075454711914e-03
52500,2.96999999955005478113889694213867e-03
52600,3.10200000058102887123823165893555e-03
52700,2.88600000021688174456357955932617e-03
52800,2.96800000069197267293930053710938e-03
52900,3.14799999978276900947093963623047e-03
53000,2.89400000019668368622660636901855e-03
53100,2.96299999990878859534859657287598e-03
53200,3.17400000039924634620547294616699e-03
53300,2.91000000015628756955265998840332e-03
53400,2.96699999944394221529364585876465e-03
53500,3.19300000046496279537677764892578e-03
53600,2.96800000069197267293930053710938e-03
53700,2.91699999979755375534296035766602e-03
53800,3.20599999940895941108465194702148e-03
53900,3.03200000053038820624351501464844e-03
54000,2.96500000058586010709404945373535e-03
54100,3.13600000026781344786286354064941e-03
54200,3.13099999948462937027215957641602e-03
54300,2.96100000014121178537607192993164e-03
54400,3.09000000015657860785722732543945e-03
54500,3.21099999928264878690242767333984e-03
54600,2.95599999935802770778536796569824e-03
54700,3.02000000010593794286251068115234e-03
54800,3.27399999969202326610684394836426e-03
54900,3.05200000002514570951461791992188e-03
55000,2.98899999961577123031020164489746e-03
55100,3.22499999947467586025595664978027e-03
55200,3.17599999925732845440506935119629e-03
55300,3.05000000025756889954209327697754e-03
55400,3.15700000010110670700669288635254e-03
55500,3.29500000043481122702360153198242e-03
55600,3.07599999996455153450369834899902e-03
55700,3.04400000004534376785159111022949e-03
55800,3.28799999988405033946037292480469e-03
55900,3.23599999956059036776423454284668e-03
56000,3.07599999996455153450369834899902e-03
56100,3.19700000000011641532182693481445e-03
56200,3.34500000008119968697428703308105e-03
56300,3.16300000031333183869719505310059e-03
56400,3.08599999971193028613924980163574e-03
56500,3.30899999971734359860420227050781e-03
56600,3.30899999971734359860420227050781e-03
56700,3.15099999988888157531619071960449e-03
56800,3.18199999946955358609557151794434e-03
56900,3.39599999915662920102477073669434e-03
57000,3.24699999964650487527251243591309e-03
57100,3.12300000041432213038206100463867e-03
57200,3.28899999931309139356017112731934e-03
57300,3.41699999989941716194152832031250e-03
57400,3.24600000021746382117271423339844e-03
57500,3.15099999988888157531619071960449e-03
57600,3.30400000075314892455935478210449e-03
57700,3.44600000062200706452131271362305e-03
57800,3.24099999943427974358201026916504e-03
57900,3.21700000040436862036585807800293e-03
58000,3.38199999987409682944416999816895e-03
58100,3.44399999994493555277585983276367e-03
58200,3.26099999983853194862604141235352e-03
58300,3.22700000015174737200140953063965e-03
58400,3.40599999981350265443325042724609e-03
58500,3.47700000020267907530069351196289e-03
58600,3.28400000034889671951532363891602e-03
58700,3.22400000004563480615615844726562e-03
58800,3.43799999973271042108535766601562e-03
58900,3.49000000005617039278149604797363e-03
59000,3.30600000052072573453187942504883e-03
59100,3.26099999983853194862604141235352e-03
59200,3.41699999989941716194152832031250e-03
59300,3.65099999999074498191475868225098e-03
59400,3.38000000010652001947164535522461e-03
59500,3.28300000001036096364259719848633e-03
59600,3.37899999976798426359891891479492e-03
59700,3.56400000055145937949419021606445e-03
59800,3.43299999985902104526758193969727e-03
59900,3.31000000005587935447692871093750e-03
60000,3.36999999944964656606316566467285e-03
60100,3.55899999976827530190348625183105e-03
60200,3.54000000061205355450510978698730e-03
60300,3.34000000020751031115651130676270e-03
60400,3.32200000048032961785793304443359e-03
60500,3.47099999999045394361019134521484e-03
60600,3.62099999983911402523517608642578e-03
60700,3.50099999923259019851684570312500e-03
60800,3.32800000069255474954843521118164e-03
60900,3.36500000048545189201831817626953e-03
61000,3.58599999981379369273781776428223e-03
61100,3.59100000059697777032852172851562e-03
61200,3.45100000049569644033908843994141e-03
61300,3.41599999956088140606880187988281e-03
61400,3.48599999961152207106351852416992e-03
61500,3.67400000050110975280404090881348e-03
61600,3.57400000029883813112974166870117e-03
61700,3.42499999987921910360455513000488e-03
61800,3.39600000006612390279769897460938e-03
61900,3.56099999953585211187601089477539e-03
62000,3.73500000023341272026300430297852e-03
62100,3.56800000008661299943923950195312e-03
62200,3.44700000005104811862111091613770e-03
62300,3.48100000064732739701867103576660e-03
62400,3.63699999979871790856122970581055e-03
62500,3.73200000012730015441775321960449e-03
62600,3.61900000007153721526265144348145e-03
62700,3.46899999931338243186473846435547e-03
62800,3.47099999999045394361019134521484e-03
62900,3.96799999998620478436350822448730e-03
63000,3.76000000051135430112481117248535e-03
63100,3.67300000016257399693131446838379e-03
63200,3.55700000000069849193096160888672e-03
63300,3.49699999969743657857179641723633e-03
63400,3.57500000063737388700246810913086e-03
63500,3.76799999958166154101490974426270e-03
63600,3.77000000025873305276036262512207e-03
63700,3.59000000025844201445579528808594e-03
63800,3.50600000001577427610754966735840e-03
63900,3.56999999985418980941176414489746e-03
64000,3.72200000037992140278220176696777e-03
64100,3.81899999956658575683832168579102e-03
64200,3.69700000010197982192039489746094e-03
64300,3.60399999954097438603639602661133e-03
64400,3.55800000033923424780368804931641e-03
64500,3.68100000014237593859434127807617e-03
64600,3.82300000001123407855629920959473e-03
64700,3.84199999916745582595467567443848e-03
64800,3.69399999999586725607514381408691e-03
64900,3.58400000004621688276529312133789e-03
65000,3.57900000017252750694751739501953e-03
65100,3.70600000042031751945614814758301e-03
65200,3.88699999984964961186051368713379e-03
65300,3.83899999997083796188235282897949e-03
65400,3.73899999976856634020805358886719e-03
65500,3.62399999994522659108042716979980e-03
65600,3.63799999922775896266102790832520e-03
65700,3.74099999953614315018057823181152e-03
65800,3.85999999980413122102618217468262e-03
65900,3.89900000027409987524151802062988e-03
66000,3.82600000011734664440155029296875e-03
66100,3.69899999986955663189291954040527e-03
66200,3.66899999971792567521333694458008e-03
66300,3.74199999987467890605330467224121e-03
66400,3.86299999991024378687143325805664e-03
66500,3.96700000055716373026371002197266e-03
66600,3.88800000018818536773324012756348e-03
66700,3.78199999977368861436843872070312e-03
66800,3.68799999978364212438464164733887e-03
66900,3.69399999999586725607514381408691e-03
67000,3.80599999971309443935751914978027e-03
67100,3.95800000023882603272795677185059e-03
67200,3.97299999985989416018128395080566e-03
67300,3.94700000015291152521967887878418e-03
67400,3.90700000025390181690454483032227e-03
67500,3.79799999973329249769449234008789e-03
67600,3.75500000063766492530703544616699e-03
67700,3.81300000026385532692074775695801e-03
67800,3.90900000002147862687706947326660e-03
67900,4.02100000064820051193237304687500e-03
68000,4.02599999961239518597722053527832e-03
68100,4.00199999967298936098814010620117e-03
68200,3.91300000046612694859504699707031e-03
68300,3.80599999971309443935751914978027e-03
68400,3.76500000038504367694258689880371e-03
68500,3.84300000041548628360033035278320e-03
68600,3.98399999994580866768956184387207e-03
68700,4.07100000029458897188305854797363e-03
68800,4.08799999968323390930891036987305e-03
68900,4.03399999959219712764024734497070e-03
69000,3.94399999913730425760149955749512e-03
69100,3.84500000018306309357285499572754e-03
69200,3.84399999984452733770012855529785e-03
69300,3.86400000024877954274415969848633e-03
69400,3.92899999951623613014817237854004e-03
69500,4.04600000001664739102125167846680e-03
69600,4.09500000023399479687213897705078e-03
69700,4.12299999970855424180626869201660e-03
69800,4.06800000018847640603780746459961e-03
69900,4.05100000079983146861195564270020e-03
70000,3.95699999990029027685523033142090e-03
70100,3.87299999965762253850698471069336e-03
70200,3.90400000014778925105929374694824e-03
70300,3.94599999981437576934695243835449e-03
70400,4.00900000022375024855136871337891e-03
70500,4.14099999943573493510484695434570e-03
70600,4.17800000013812677934765815734863e-03
70700,4.17500000003201421350240707397461e-03
70800,4.16600000062317121773958206176758e-03
70900,4.11299999996117549017071723937988e-03
71000,4.05199999931937782093882560729980e-03
71100,3.99999999990541255101561546325684e-03
71200,3.99199999992561060935258865356445e-03
71300,4.07799999993585515767335891723633e-03
71400,4.01599999986501643434166908264160e-03
71500,4.10000000010768417268991470336914e-03
71600,4.17599999946105526760220527648926e-03
71700,4.23800000044138869270682334899902e-03
71800,4.24399999974411912262439727783203e-03
71900,4.26299999980983557179570198059082e-03
72000,4.25499999983003363013267517089844e-03
72100,4.18699999954696977511048316955566e-03
72200,4.10099999953672522678971290588379e-03
72300,4.10100000044621992856264114379883e-03
72400,4.04299999991053482517600059509277e-03
72500,3.99899999956687679514288902282715e-03
72600,4.01299999975890386849641799926758e-03
72700,4.05700000010256189852952957153320e-03
72800,4.14799999998649582266807556152344e-03
72900,4.22700000035547418519854545593262e-03
73000,4.26599999991594813764095306396484e-03
73100,4.34200000017881393432617187500000e-03
73200,4.32700000055774580687284469604492e-03
73300,4.34299999960785498842597007751465e-03
73400,4.33099999918340472504496574401855e-03
73500,4.27199999921867856755852699279785e-03
73600,4.27900000067893415689468383789062e-03
73700,4.24299999940558336675167083740234e-03
73800,4.19599999986530747264623641967773e-03
73900,4.13000000025931512936949729919434e-03
74000,4.08700000025419285520911216735840e-03
74100,4.12799999958224361762404441833496e-03
74200,4.10999999985506292432546615600586e-03
74300,4.10299999930430203676223754882812e-03
74400,4.17099999958736589178442955017090e-03
74500,4.23399999999674037098884582519531e-03
74600,4.33499999962805304676294326782227e-03
74700,4.32900000032532261684536933898926e-03
74800,4.41099999989091884344816207885742e-03
74900,4.43100000029517104849219322204590e-03
75000,4.43700000050739618018269538879395e-03
75100,4.45600000057311262935400009155273e-03
75200,4.41299999965849565342068672180176e-03
75300,4.44100000004254980012774467468262e-03
75400,4.42600000042148167267441749572754e-03
75500,4.45600000057311262935400009155273e-03
75600,4.44200000038108555600047111511230e-03
75700,4.42900000052759423851966857910156e-03
75800,4.38899999971908982843160629272461e-03
75900,4.42699999985052272677421569824219e-03
76000,4.41599999976460821926593780517578e-03
76100,4.37400000009802170097827911376953e-03
76200,4.33400000019901199266314506530762e-03
76300,4.30599999981495784595608711242676e-03
76400,4.29900000017369166016578674316406e-03
76500,4.37399999918852699920535087585449e-03
76600,4.25100000029488001018762588500977e-03
76700,4.25999999970372300595045089721680e-03
76800,4.28599999941070564091205596923828e-03
76900,4.28000000010797521099448204040527e-03
77000,4.24199999997654231265187263488770e-03
77100,4.27000000036059645935893058776855e-03
77200,4.32300000011309748515486717224121e-03
77300,4.32999999975436367094516754150391e-03
77400,4.27200000012817326933145523071289e-03
77500,4.30800000049202935770153999328613e-03
77600,4.33900000007270136848092079162598e-03
77700,4.38699999995151301845908164978027e-03
77800,4.37599999986559851095080375671387e-03
77900,4.40600000001722946763038635253906e-03
78000,4.39199999982520239427685737609863e-03
78100,4.44900000002235174179077148437500e-03
78200,4.46800000008806819096207618713379e-03
78300,4.46400000055291457101702690124512e-03
78400,4.44599999991623917594552040100098e-03
78500,4.49400000070454552769660949707031e-03
78600,4.48200000028009526431560516357422e-03
78700,4.50000000000727595761418342590332e-03
78800,4.50799999998707789927721023559570e-03
78900,4.53199999992648372426629066467285e-03
79000,4.54900000022462336346507072448730e-03
79100,4.50999999975465470924973487854004e-03
79200,4.49799999933020444586873054504395e-03
79300,4.51199999952223151922225952148438e-03
79400,4.55899999997200211510062217712402e-03
79500,4.53000000015890691429376602172852e-03
79600,4.52099999984056921675801277160645e-03
79700,4.50900000032561365514993667602539e-03
79800,4.48400000004767207428812980651855e-03
79900,4.45399999989604111760854721069336e-03
80000,4.46399999964341986924409866333008e-03
80100,4.50999999975465470924973487854004e-03
80200,4.43700000050739618018269538879395e-03
80300,4.43300000006274785846471786499023e-03
80400,4.46999999985564500093460083007812e-03
80500,4.44599999991623917594552040100098e-03
80600,4.44900000002235174179077148437500e-03
80700,4.50000000000727595761418342590332e-03
80800,4.50600000021950108930468559265137e-03
80900,4.52199999926961027085781097412109e-03
81000,4.50799999998707789927721023559570e-03
81100,4.57699999969918280839920043945312e-03
81200,4.54599999920901609584689140319824e-03
81300,4.65600000006816117092967033386230e-03
81400,4.65100000019447179511189460754395e-03
81500,4.69500000053812982514500617980957e-03
81600,4.77700000010372605174779891967773e-03
81700,4.78000000020983861759305000305176e-03
81800,4.86000000000785803422331809997559e-03
81900,4.84200000028067734092473983764648e-03
82000,4.80599999991682125255465507507324e-03
82100,4.83600000006845220923423767089844e-03
82200,4.82000000010884832590818405151367e-03
82300,4.88499999937630491331219673156738e-03
82400,4.80000000061409082263708114624023e-03
82500,4.75499999993189703673124313354492e-03
82600,4.65900000017427373677492141723633e-03
82700,4.68399999954272061586380004882812e-03
82800,4.64599999941128771752119064331055e-03
82900,4.63900000067951623350381851196289e-03
83000,4.56100000064907362684607505798340e-03
83100,4.67000000026018824428319931030273e-03
83200,4.64199999987613409757614135742188e-03
83300,4.71500000003288732841610908508301e-03
83400,4.79100000029575312510132789611816e-03
83500,4.86099999943689908832311630249023e-03
83600,4.95199999932083301246166229248047e-03
83700,4.91000000056374119594693183898926e-03
83800,4.91200000033131800591945648193359e-03
83900,4.91799999963404843583703041076660e-03
84000,4.94299999991199001669883728027344e-03
84100,4.91400000009889481589198112487793e-03
84200,4.84299999970971839502453804016113e-03
84300,4.80200000038166763260960578918457e-03
84400,4.75699999969947384670376777648926e-03
84500,4.66799999958311673253774642944336e-03
84600,4.70899999982066219672560691833496e-03
84700,4.82099999953788938000798225402832e-03
84800,4.88000000041211023926734924316406e-03
84900,4.95199999932083301246166229248047e-03
85000,5.04199999977572588250041007995605e-03
85100,4.99700000000302679836750030517578e-03
85200,5.02300000061950413510203361511230e-03
85300,4.96900000052846735343337059020996e-03
85400,4.91500000043743057176470756530762e-03
85500,4.87599999996746191754937171936035e-03
85600,4.77599999976519029587507247924805e-03
85700,4.75800000003800960257649421691895e-03
85800,4.76699999944685259833931922912598e-03
85900,4.91500000043743057176470756530762e-03
86000,4.97900000027584610506892204284668e-03
86100,5.09200000033160904422402381896973e-03
86200,5.09200000033160904422402381896973e-03
86300,5.11200000073586124926805496215820e-03
86400,4.92299999950773781165480613708496e-03
86500,4.88099999984115129336714744567871e-03
86600,4.86000000000785803422331809997559e-03
86700,4.98599999991711229085922241210938e-03
86800,5.15000000086729414761066436767578e-03
86900,5.14500000008411007001996040344238e-03
87000,5.07000000015978002920746803283691e-03
87100,5.00800000008894130587577819824219e-03
87200,4.82000000010884832590818405151367e-03
87300,4.95099999989179195836186408996582e-03
87400,5.05200000043259933590888977050781e-03
87500,4.78199999997741542756557464599609e-03
87600,4.91199999942182330414652824401855e-03
87700,4.88399999994726385921239852905273e-03
87800,4.98400000014953548088669776916504e-03
87900,5.08799999988696072250604629516602e-03
88000,5.21200000002863816916942596435547e-03
88100,5.22600000022066524252295494079590e-03
88200,5.21699999990232754498720169067383e-03
88300,5.07299999935639789327979087829590e-03
88400,4.90900000022520544007420539855957e-03
88500,5.10600000052363611757755279541016e-03
88600,5.19700000040757004171609878540039e-03
88700,5.31399999999848660081624984741211e-03
88800,5.25299999935668893158435821533203e-03
88900,5.10699999995267717167735099792480e-03
89000,4.98900000002322485670447349548340e-03
89100,4.98700000025564804673194885253906e-03
89200,5.09099999999307328835129737854004e-03
89300,5.22100000034697586670517921447754e-03
89400,5.25899999956891406327486038208008e-03
89500,5.27799999963463051244616508483887e-03
89600,5.17700000000331783667206764221191e-03
89700,5.01199999962409492582082748413086e-03
89800,5.10800000029121292755007743835449e-03
89900,5.25800000013987300917506217956543e-03
90000,5.30400000025110784918069839477539e-03
90100,5.26600000011967495083808898925781e-03
90200,5.09800000054383417591452598571777e-03
90300,5.15900000027613714337348937988281e-03
90400,5.28699999995296820998191833496094e-03
90500,5.30400000025110784918069839477539e-03
90600,5.29499999993277015164494514465332e-03
90700,5.32099999963975278660655021667480e-03
90800,5.12500000058935256674885749816895e-03
90900,5.09499999952822690829634666442871e-03
91000,5.29499999993277015164494514465332e-03
91100,5.41199999952368671074509620666504e-03
91200,5.32599999951344216242432594299316e-03
91300,5.26400000035209814086556434631348e-03
91400,5.15799999993760138750076293945312e-03
91500,5.40000000000873114913702011108398e-03
91600,5.37299999996321275830268859863281e-03
91700,5.40699999964999733492732048034668e-03
91800,5.24300000051880488172173500061035e-03
91900,5.13599999976577237248420715332031e-03
92000,5.24799999948299955576658248901367e-03
92100,5.41899999916495289653539657592773e-03
92200,5.47999999980675056576728820800781e-03
92300,5.37799999983690213412046432495117e-03
92400,5.17299999955866951495409011840820e-03
92500,5.35299999955896055325865745544434e-03
92600,5.51299999915499938651919364929199e-03
92700,5.45499999952880898490548133850098e-03
92800,5.35499999932653736323118209838867e-03
92900,5.24199999927077442407608032226562e-03
93000,5.50600000042322790250182151794434e-03
93100,5.46300000041810562834143638610840e-03
93200,5.44799999988754279911518096923828e-03
93300,5.23399999929097248241305351257324e-03
93400,5.29599999936181120574474334716797e-03
93500,5.43199999992793891578912734985352e-03
93600,5.55400000030203955247998237609863e-03
93700,5.46500000018568243831396102905273e-03
93800,5.30099999923550058156251907348633e-03
93900,5.39500000013504177331924438476562e-03
94000,5.54199999987758928909897804260254e-03
94100,5.52400000015040859580039978027344e-03
94200,5.32299999940732959657907485961914e-03
94300,5.40799999998853309080004692077637e-03
94400,5.54999999985739123076200485229492e-03
94500,5.57899999967048643156886100769043e-03
94600,5.44999999965511960908770561218262e-03
94700,5.37499999973078956827521324157715e-03
94800,5.46099999974103411659598350524902e-03
94900,5.62499999978172127157449722290039e-03
95000,5.57099999969068448990583419799805e-03
95100,5.37199999962467700242996215820312e-03
95200,5.43899999956920510157942771911621e-03
95300,5.61299999935727100819349288940430e-03
95400,5.57900000057998113334178924560547e-03
95500,5.40099999943777220323681831359863e-03
95600,5.46200000007956987246870994567871e-03
95700,5.61599999946338357403874397277832e-03
95800,5.63400000010005896911025047302246e-03
95900,5.51900000027671921998262405395508e-03
96000,5.43599999946309253573417663574219e-03
96100,5.67899999987275805324316024780273e-03
96200,5.71399999989807838574051856994629e-03
96300,5.51700000050914241001009941101074e-03
96400,5.57300000036775600165128707885742e-03
96500,5.67899999987275805324316024780273e-03
96600,5.65799999912997009232640266418457e-03
96700,5.48200000048382207751274108886719e-03
96800,5.51799999993818346410989761352539e-03
96900,5.74599999981728615239262580871582e-03
97000,5.72900000042864121496677398681641e-03
97100,5.56200000028184149414300918579102e-03
97200,5.55499999973108060657978057861328e-03
97300,5.71899999977176776155829429626465e-03
97400,5.69099999938771361485123634338379e-03
97500,5.44699999954900704324245452880859e-03
97600,5.75699999990320065990090370178223e-03
97700,5.71599999966565519571304321289062e-03
97800,5.57500000013533281162381172180176e-03
97900,5.60800000039307633414864540100098e-03
98000,5.79399999969609780237078666687012e-03
98100,5.74499999947875039651989936828613e-03
98200,5.61199999992822995409369468688965e-03
98300,5.69599999926140299066901206970215e-03
98400,5.76900000032765092328190803527832e-03
98500,5.67200000023149186745285987854004e-03
98600,5.57499999922583810985088348388672e-03
98700,5.79699999980221036821603775024414e-03
98800,5.82800000029237708076834678649902e-03
98900,5.56599999981699511408805847167969e-03
99000,5.82299999950919300317764282226562e-03
99100,5.82300000041868770495057106018066e-03
99200,5.61699999980191932991147041320801e-03
99300,5.77399999929184559732675552368164e-03
99400,5.86600000042380997911095619201660e-03
99500,5.71399999989807838574051856994629e-03
99600,5.71500000023661414161324501037598e-03
99700,5.84100000014586839824914932250977e-03
99800,5.76899999941815622150897979736328e-03
99900,5.66399999934219522401690483093262e-03
100000,5.90900000042893225327134132385254e-03